0263 4 10
0440 2 1
0100 18 22
0103 22 12
0214 5 9
0131 21 18
0283 7 4
0438 11 14
0366 14 4
0303 16 9
0191 4 4
0417 22 2
0122 6 10
0444 1 1
0127 11 20
0055 22 26
0085 4 7
0131 6 5
0013 9 20
0108 18 20
0154 4 6
0112 19 24
0409 14 10
0060 17 17
0190 5 8
0149 12 18
0389 3 21
0398 2 2
0027 12 15
0270 5 4
0030 6 10
0074 11 12
0383 2 7
0387 15 12
0159 9 9
0066 6 26
0290 18 2
0178 6 7
0249 6 8
0445 10 7
0005 1 3
0334 6 13
0128 8 12
0375 18 20
0236 21 21
0196 11 10
0169 16 23
0020 10 1
0347 10 1
0236 4 4
0275 24 19
0436 13 17
0025 25 26
0068 7 8
0040 9 16
0166 24 26
0425 14 14
0331 8 7
0013 1 1
0038 2 1
0156 3 3
0034 7 8
0401 4 9
0342 17 16
0409 8 12
0104 6 1
0381 10 15
0133 6 10
0204 8 8
0312 9 6
0149 14 16
0436 16 21
0093 6 3
0270 7 6
0108 20 23
0142 14 12
0397 1 8
0092 5 11
0328 7 7
0392 9 10
0161 3 2
0093 23 22
0089 16 20
0169 7 7
0080 10 16
0370 1 8
0313 6 9
0082 20 12
0137 19 16
0196 9 8
0223 2 8
0260 11 11
0169 5 4
0393 6 5
0019 13 15
0084 24 12
0197 10 15
0304 2 9
0229 14 26
0318 20 2
0224 22 7
0361 10 9
0374 10 23
0141 10 3
0184 8 6
0395 8 8
0423 1 1
0226 15 16
0168 23 25
0289 8 11
0401 6 11
0103 1 21
0105 7 15
0425 27 20
0299 7 3
0121 15 17
0177 3 6
0248 5 9
0360 15 5
0447 1 1
0321 2 2
0206 3 1
0134 4 5
0072 16 16
0270 15 17
0087 7 11
0435 15 23
0412 9 17
0101 4 8
0172 20 22
0041 10 1
0178 10 3
0253 9 2
0119 23 7
0249 2 12
0391 17 6
0231 21 27
0201 11 2
0210 4 8
0421 20 10
0259 12 17
0321 21 15
0258 19 25
0160 4 4
0388 14 20
0041 6 4
0439 7 5
0417 6 15
0081 12 14
0251 5 2
0434 5 20
0262 3 4
0184 6 4
0267 15 8
0400 20 18
0182 15 11
0275 26 7
0432 10 11
0048 13 15
0391 19 27
0185 1 1
0316 12 17
0321 12 12
0078 4 3
0441 14 11
0095 1 2
0405 1 1
0227 17 21
0388 8 8
0054 2 12
0025 27 27
0112 2 3
0106 11 13
0189 2 1
0332 2 3
0313 19 12
0341 7 5
0393 2 1
0349 3 2
0218 2 3
0090 13 15
0413 1 7
0291 3 9
0409 10 7
0422 10 9
0303 8 17
0444 6 14
0094 10 20
0333 5 4
0130 1 5
0351 29 23
0388 4 8
0010 14 19
0137 8 8
0445 23 21
0270 16 16
0431 7 14
0117 6 6
0216 10 11
0035 1 15
0050 15 19
0370 3 3
0326 16 4
0128 14 18
0066 7 9
0021 13 20
0087 11 7
0272 21 25
0204 1 13
0010 8 11
0162 12 12
0100 27 28
0227 25 2
0033 2 2
0258 15 19
0108 13 22
0235 13 7
0054 12 14
0107 2 3
0106 13 11
0176 2 2
0098 7 7
0327 2 3
0412 12 2
0260 13 13
0157 14 3
0097 13 19
0274 6 5
0174 16 19
0037 3 4
0042 7 8
0163 6 11
0020 17 22
0047 10 2
0100 12 2
0197 4 1
0258 8 3
0249 17 5
0392 5 15
0137 10 10
0349 9 5
0158 4 6
0127 20 10
0238 7 15
0279 1 12
0050 7 6
0053 15 11
0367 8 8
0437 3 17
0217 20 22
0229 17 16
0219 13 18
0082 1 1
0259 10 12
0330 8 10
0103 15 20
0236 14 13
0281 19 18
0222 4 24
0281 5 7
0356 12 14
0057 8 29
0445 9 3
0125 25 23
0073 10 2
0100 29 1
0146 3 11
0033 8 3
0044 2 3
0340 17 23
0174 18 21
0289 5 5
0052 4 13
0245 14 8
0194 12 4
0148 7 27
0313 17 4
0265 3 2
0150 2 3
0032 1 3
0127 13 12
0188 7 4
0406 2 4
0048 18 9
0243 14 12
0150 4 27
0376 1 8
0072 11 1
0393 13 13
0119 5 4
0425 6 15
0127 1 1
0314 12 2
0300 5 9
0035 16 17
0331 1 1
0208 4 7
0017 17 16
0267 14 23
0175 1 4
0287 11 8
0240 17 4
0127 5 6
0169 6 21
0442 15 16
0320 11 9
0199 3 4
0402 13 13
0221 6 13
0017 5 22
0418 15 2
0240 23 16
0061 9 5
0431 14 15
0250 6 7
0286 15 1
0053 20 16
0091 14 16
0396 14 28
0321 19 12
0084 4 21
0093 3 10
0400 23 8
0220 8 2
0434 12 15
0183 5 3
0360 1 2
0162 15 20
0424 3 1
0327 4 5
0065 2 3
0068 12 14
0017 10 14
0287 24 19
0123 21 22
0336 11 5
0339 3 4
0220 7 12
0020 11 12
0172 15 11
0110 2 1
0118 6 6
0189 14 4
0301 4 8
0191 5 5
0435 11 14
0335 4 3
0374 16 17
0084 8 5
0323 14 17
0275 16 13
0017 7 16
0107 20 11
0150 23 9
0371 1 1
0370 11 11
0155 19 15
0161 6 8
0010 7 4
0064 3 6
0413 13 15
0265 1 14
0100 19 20
0258 27 26
0033 10 10
0379 5 6
0017 3 21
0356 6 8
0025 13 1
0339 18 22
0259 19 22
0285 17 19
0060 6 3
0249 7 1
0361 13 13
0391 4 6
0444 2 1
0228 7 11
0427 1 1
0341 8 5
0310 8 11
0150 25 21
0228 1 1
0346 10 7
0100 8 1
0423 2 1
0437 15 16
0089 25 23
0117 7 21
0389 17 10
0181 11 13
0384 9 12
0219 1 2
0030 7 12
0365 9 11
0119 11 9
0280 2 2
0364 10 3
0182 2 2
0281 18 17
0064 1 4
0307 10 9
0144 18 19
0278 11 17
0082 9 9
0378 8 9
0386 2 2
0444 19 21
0287 9 5
0414 7 5
0171 8 11
0419 3 3
0111 10 11
0237 18 12
0059 1 5
0177 4 7
0057 17 28
0321 27 29
0391 14 11
0108 17 20
0417 2 22
0035 17 19
0346 6 14
0242 12 3
0366 5 3
0060 8 2
0240 4 6
0243 10 1
0255 9 14
0304 12 16
0263 7 3
0001 1 1
0259 4 11
0093 5 3
0291 16 16
0047 4 3
0369 10 7
0035 14 17
0299 4 8
0059 3 2
0313 5 9
0307 8 11
0141 5 6
0194 1 3
0048 6 25
0375 19 20
0072 25 8
0136 5 8
0342 15 5
0285 4 18
0157 7 5
0328 4 20
0034 2 3
0295 1 9
0291 6 1
0409 13 3
0296 4 11
0025 26 26
0177 6 5
0331 9 24
0379 1 4
0393 16 19
0211 3 9
0039 10 11
0266 15 12
0335 11 15
0107 18 26
0225 9 6
0079 2 2
0025 5 6
0165 7 7
0401 5 11
0105 6 15
0093 20 19
0366 7 1
0197 16 21
0187 12 11
0383 6 2
0095 15 14
0129 10 3
0316 1 4
0226 12 9
0342 13 12
0091 2 11
0106 7 10
0215 16 17
0217 8 10
0229 11 17
0122 15 16
0302 8 11
0248 2 2
0437 8 10
0446 9 1
0442 10 14
0012 3 2
0215 13 12
0385 3 6
0270 2 7
0266 7 18
0337 5 3
0334 18 12
0040 23 23
0100 4 7
0336 6 11
0339 12 8
0295 7 11
0354 2 2
0417 19 10
0417 5 15
0171 7 13
0289 16 14
0322 2 17
0251 4 4
0312 5 1
0315 6 7
0013 14 16
0337 6 5
0208 16 6
0042 21 26
0072 12 19
0419 17 17
0406 16 19
0252 5 15
0071 12 19
0134 7 11
0436 21 21
0139 3 1
0148 2 10
0386 4 4
0101 5 8
0168 18 20
0031 11 11
0425 16 11
0070 18 16
0374 1 1
0307 14 16
0437 16 9
0194 5 7
0122 16 27
0445 22 11
0332 3 3
0313 18 18
0356 14 19
0265 10 13
0072 14 12
0239 7 1
0116 2 3
0327 18 19
0177 2 1
0444 10 9
0321 1 27
0315 4 5
0203 16 8
0069 10 11
0267 12 8
0270 6 9
0164 2 14
0270 17 18
0427 13 11
0247 7 15
0240 20 9
0432 9 9
0426 2 3
0126 15 14
0380 21 11
0125 18 22
0323 4 27
0147 5 4
0234 16 16
0097 10 3
0152 1 8
0264 11 12
0290 27 12
0148 17 20
0360 8 6
0143 6 7
0068 11 6
0097 12 19
0091 3 5
0334 14 8
0137 13 7
0274 7 9
0349 4 2
0398 12 9
0282 3 4
0042 4 6
0216 13 6
0362 22 29
0180 2 2
0227 15 17
0051 12 8
0367 4 5
0103 21 16
0267 10 14
0387 8 1
0321 28 30
0404 3 2
0099 3 3
0027 6 7
0226 5 15
0196 21 11
0319 3 3
0315 14 6
0187 7 8
0444 21 12
0387 4 4
0082 8 22
0161 10 4
0276 14 9
0355 8 8
0058 4 2
0242 1 4
0105 9 17
0141 13 14
0194 9 11
0048 14 17
0258 7 6
0125 24 23
0086 1 1
0172 5 18
0283 10 10
0084 17 2
0344 4 6
0421 7 24
0391 16 18
0260 17 17
0444 14 13
0445 21 8
0161 1 7
0376 10 15
0151 4 3
0150 27 23
0359 12 14
0137 11 6
0271 10 6
0161 8 15
0208 3 8
0290 5 12
0034 23 8
0183 2 2
0118 7 15
0322 12 16
0325 6 15
0281 27 23
0190 9 9
0125 22 18
0144 9 9
0213 1 2
0331 4 2
0422 1 1
0154 10 5
0148 11 11
0365 6 12
0112 13 13
0416 2 10
0141 15 16
0226 16 16
0240 5 22
0125 26 21
0017 15 14
0201 2 4
0422 6 5
0283 8 8
0075 1 2
0357 4 5
0344 2 4
0025 12 12
0180 6 6
0115 1 1
0242 7 9
0254 6 5
0131 17 8
0333 10 8
0130 4 3
0186 8 11
0089 2 13
0201 8 1
0235 10 14
0266 8 23
0350 14 3
0290 7 14
0052 5 24
0171 11 22
0123 1 3
0241 4 5
0296 2 8
0168 12 17
0229 20 22
0265 6 10
0447 4 3
0358 17 7
0084 15 14
0236 19 21
0202 14 23
0148 9 9
0355 4 4
0141 17 18
0442 4 4
0012 9 8
0121 13 11
0014 12 16
0382 12 13
0094 1 8
0212 4 9
0136 8 5
0044 7 7
0038 4 9
0126 11 3
0436 15 4
0002 1 1
0231 23 1
0090 6 4
0202 12 16
0270 9 10
0092 3 15
0088 10 15
0293 1 1
0119 4 3
0068 22 17
0161 12 14
0066 12 1
0121 18 16
0250 8 9
0334 10 11
0274 11 14
0277 3 11
0374 6 7
0064 19 27
0228 4 13
0355 2 2
0043 4 2
0049 11 3
0301 1 7
0154 17 18
0250 3 13
0198 5 7
0072 4 2
0031 5 2
0389 2 1
0220 6 12
0412 3 18
0352 8 6
0304 16 11
0255 19 6
0254 2 25
0434 14 2
0309 1 5
0187 3 7
0222 1 2
0222 20 9
0277 1 20
0031 3 10
0320 17 3
0027 14 15
0323 15 19
0275 17 19
0427 19 17
0365 8 11
0411 2 1
0047 1 1
0165 12 3
0392 13 12
0073 13 10
0220 19 19
0131 19 8
0304 5 8
0144 19 19
0055 18 25
0209 10 1
0330 4 10
0215 2 3
0084 3 2
0202 8 6
0170 2 2
0375 3 4
0245 24 7
0425 12 14
0390 2 2
0123 16 20
0051 23 22
0262 5 4
0349 14 8
0044 11 11
0170 6 7
0369 13 10
0125 17 21
0306 11 6
0315 8 9
0309 3 3
0187 1 9
0204 10 12
0267 1 5
0026 3 5
0125 16 21
0369 9 7
0205 13 9
0379 4 7
0058 13 8
0350 17 27
0390 10 12
0342 12 5
0154 2 13
0148 3 3
0173 8 7
0222 11 12
0390 11 4
0109 10 23
0232 3 4
0063 3 2
0177 5 5
0198 1 3
0067 2 2
0083 10 4
0088 8 8
0044 9 9
0097 1 2
0150 24 19
0161 7 7
0366 4 1
0013 20 17
0071 9 17
0207 6 5
0402 18 21
0070 4 8
0009 6 2
0412 11 21
0120 5 7
0106 4 8
0227 9 9
0141 6 6
0444 16 17
0265 15 15
0164 7 26
0366 10 10
0362 15 15
0430 8 7
0435 6 9
0198 3 1
0195 17 15
0254 15 9
0214 12 4
0131 2 3
0042 18 20
0351 25 5
0039 11 9
0032 10 18
0235 26 8
0107 19 6
0361 8 7
0360 22 13
0013 22 19
0104 4 1
0069 26 27
0240 1 4
0047 20 17
0317 3 4
0252 6 15
0049 4 10
0123 18 4
0268 8 9
0142 8 12
0233 24 21
0039 15 2
0414 6 10
0100 7 2
0429 12 12
0031 10 11
0148 18 17
0250 7 18
0107 6 9
0097 22 15
0053 13 8
0060 9 3
0447 5 8
0135 7 12
0443 2 6
0312 3 1
0274 19 22
0442 19 11
0442 13 14
0266 12 5
0387 7 19
0231 10 6
0336 5 9
0339 13 8
0354 5 2
0291 5 5
0241 10 2
0398 13 12
0304 1 7
0255 4 18
0132 5 9
0382 6 3
0128 10 2
0074 13 13
0014 17 1
0384 5 6
0144 8 9
0105 1 11
0158 8 8
0246 6 9
0268 14 11
0169 18 28
0157 8 12
0101 6 8
0147 4 2
0224 13 20
0410 5 1
0217 17 11
0055 5 22
0275 22 4
0253 11 6
0121 5 10
0416 17 5
0082 14 17
0215 10 11
0121 22 17
0157 2 16
0086 4 7
0073 14 4
0100 25 11
0172 7 13
0116 1 1
0141 14 5
0250 18 9
0069 11 13
0202 4 3
0151 1 1
0411 12 16
0106 2 1
0228 15 16
0411 13 19
0058 1 13
0070 2 2
0446 2 7
0436 10 9
0333 9 7
0265 9 4
0276 17 14
0353 6 7
0157 17 6
0430 10 16
0253 13 4
0360 7 6
0120 4 4
0258 4 4
0287 6 15
0010 12 18
0339 19 15
0336 1 13
0371 2 8
0357 1 3
0403 11 13
0362 5 5
0164 1 13
0040 1 22
0064 14 24
0377 8 7
0012 10 7
0212 10 4
0201 3 5
0293 21 3
0100 5 9
0233 20 19
0182 11 13
0275 12 12
0035 11 14
0029 18 18
0097 16 6
0317 9 10
0313 2 20
0382 5 8
0006 5 5
0243 16 16
0376 17 7
0338 15 3
0200 6 1
0331 13 17
0238 9 17
0166 4 10
0178 11 13
0094 16 12
0058 7 2
0378 5 1
0446 6 9
0395 26 6
0196 1 6
0201 1 2
0014 5 7
0166 17 18
0029 9 3
0072 9 8
0024 1 3
0265 18 21
0013 11 9
0363 13 13
0130 5 3
0432 7 9
0350 22 5
0155 12 7
0230 13 12
0375 8 12
0339 11 12
0278 16 23
0119 1 1
0322 15 16
0369 2 13
0378 3 8
0434 15 19
0387 24 22
0320 3 17
0190 8 11
0053 18 20
0066 16 13
0103 13 12
0407 2 6
0377 12 9
0224 6 11
0429 5 13
0242 2 2
0419 9 7
0351 16 3
0188 11 5
0007 4 2
0424 5 5
0169 10 16
0068 14 14
0266 4 13
0203 6 7
0131 13 11
0096 10 13
0226 4 4
0421 3 4
0290 2 5
0293 6 17
0177 9 9
0400 16 20
0013 15 18
0069 1 3
0261 6 2
0445 1 4
0195 8 4
0092 13 10
0256 4 4
0083 15 9
0040 3 10
0434 7 6
0424 7 12
0248 10 8
0278 15 11
0380 16 6
0264 4 6
0241 16 17
0229 6 25
0110 6 6
0374 8 11
0197 1 3
0087 13 15
0027 7 9
0191 1 2
0410 15 14
0305 7 9
0249 5 5
0376 9 6
0121 14 9
0334 7 6
0090 11 18
0395 1 2
0398 5 5
0216 6 12
0225 3 2
0053 1 22
0097 4 4
0042 12 21
0375 26 12
0306 6 6
0249 15 25
0151 9 9
0263 3 5
0325 2 22
0131 7 18
0031 2 8
0231 24 24
0277 17 19
0429 15 13
0354 11 5
0066 5 16
0063 8 3
0362 14 19
0196 7 9
0249 11 14
0411 18 26
0210 12 9
0390 7 1
0128 5 7
0264 2 4
0094 18 19
0348 10 13
0220 1 1
0128 20 26
0342 19 17
0419 5 3
0291 10 15
0241 3 6
0395 30 25
0400 2 11
0012 20 7
0260 5 3
0198 4 5
0135 4 5
0401 8 12
0267 4 6
0270 14 3
0095 10 9
0393 5 16
0174 2 2
0292 3 2
0124 1 1
0301 6 8
0306 8 4
0417 25 9
0371 7 1
0162 16 20
0200 2 12
0323 12 17
0275 4 4
0410 12 11
0127 7 8
0291 12 2
0258 10 21
0414 10 5
0040 14 19
0077 5 5
0444 28 28
0259 2 6
0312 8 5
0215 3 1
0276 15 16
0418 13 16
0019 14 15
0200 7 5
0043 3 4
0325 17 16
0366 9 6
0321 10 26
0178 1 1
0444 22 12
0190 2 6
0025 24 26
0263 9 21
0134 11 16
0262 4 4
0231 20 24
0090 15 22
0009 3 12
0445 20 18
0114 20 22
0400 9 6
0102 10 2
0275 6 15
0290 8 11
0091 7 12
0159 10 6
0358 1 14
0164 8 2
0428 6 7
0104 7 7
0253 2 1
0202 16 23
0162 18 18
0047 17 19
0023 10 9
0369 5 9
0323 10 23
0161 9 4
0384 6 13
0107 16 13
0411 1 13
0165 15 15
0290 21 12
0059 9 17
0384 1 1
0064 15 12
0058 12 8
0440 9 16
0023 14 4
0390 3 5
0076 4 3
0048 7 4
0250 21 21
0336 9 14
0269 8 19
0444 17 21
0215 22 24
0357 10 9
0195 15 3
0314 4 8
0121 4 3
0399 4 11
0009 11 9
0320 6 5
0443 15 14
0032 11 16
0255 20 2
0123 10 14
0163 11 8
0069 25 27
0322 4 6
0045 3 1
0286 17 14
0093 7 15
0323 8 21
0235 19 18
0223 5 6
0304 17 21
0301 14 23
0436 14 22
0289 18 22
0174 19 21
0379 3 3
0322 8 3
0194 3 7
0274 16 20
0227 21 29
0220 11 11
0090 8 15
0178 5 5
0421 10 10
0446 5 6
0084 12 18
0275 2 11
0229 18 4
0088 5 10
0176 16 23
0375 2 20
0281 12 6
0122 13 21
0181 1 1
0311 3 8
0322 6 8
0057 23 14
0271 7 6
0283 18 14
0442 8 1
0089 5 8
0348 14 16
0351 4 15
0214 6 6
0275 8 19
0347 11 8
0274 1 6
0055 4 24
0239 3 2
0353 5 5
0167 1 3
0053 14 8
0266 2 2
0395 11 15
0187 17 2
0190 15 20
0214 2 3
0017 1 2
0201 4 4
0166 10 24
0038 13 10
0259 13 17
0334 12 12
0109 15 13
0357 14 13
0234 11 7
0380 13 12
0298 9 2
0254 8 13
0321 11 10
0027 11 16
0119 15 18
0362 4 28
0299 2 1
0171 1 18
0076 10 8
0070 3 12
0214 10 13
0276 16 15
0418 19 11
0200 9 11
0217 18 9
0245 17 11
0253 12 6
0071 8 7
0082 17 19
0128 11 9
0106 5 7
0258 5 6
0332 1 7
0147 1 3
0340 13 2
0292 5 13
0114 11 10
0229 9 7
0235 8 24
0025 16 18
0417 11 26
0070 1 7
0324 3 8
0080 13 11
0192 7 3
0335 13 7
0402 6 11
0100 6 9
0029 17 16
0181 5 5
0302 10 14
0425 1 23
0182 17 7
0125 20 18
0394 4 14
0406 9 11
0151 10 6
0144 11 5
0278 10 12
0294 2 6
0353 1 1
0166 5 8
0155 20 22
0128 9 11
0389 6 5
0012 5 2
0385 1 9
0068 9 10
0220 13 13
0064 16 12
0411 15 25
0019 4 5
0258 22 21
0365 1 3
0175 2 2
0346 21 27
0302 2 8
0255 3 9
0123 7 6
0075 15 11
0021 6 8
0397 6 3
0157 9 23
0404 1 6
0032 8 18
0357 3 6
0125 15 8
0180 4 3
0058 2 9
0436 17 10
0377 5 6
0142 15 19
0192 1 12
0293 16 21
0231 9 11
0283 12 11
0286 6 14
0109 17 6
0227 20 6
0288 10 17
0036 1 1
0344 6 9
0107 1 1
0110 5 2
0115 5 6
0218 4 2
0179 7 3
0232 11 14
0395 7 7
0184 3 5
0031 16 17
0215 15 13
0069 6 19
0086 3 1
0138 6 10
0161 14 16
0230 10 8
0108 8 6
0395 16 9
0034 8 10
0289 6 9
0364 3 2
0118 5 4
0051 18 15
0363 6 10
0075 13 13
0327 5 6
0196 4 7
0023 3 3
0165 17 3
0273 2 8
0230 12 12
0158 1 2
0173 13 4
0107 3 6
0069 19 21
0107 9 11
0106 12 14
0317 12 12
0184 7 6
0059 15 18
0137 16 18
0074 6 2
0426 11 24
0384 10 1
0082 2 7
0340 3 21
0103 18 12
0055 12 16
0282 5 5
0042 6 17
0153 15 15
0224 5 9
0195 18 17
0438 15 14
0373 4 3
0320 14 14
0150 3 2
0096 9 11
0422 9 12
0039 3 7
0069 17 26
0051 16 13
0369 11 13
0306 7 8
0142 1 15
0100 24 19
0389 15 21
0030 10 2
0303 7 16
0347 2 2
0050 10 8
0374 15 22
0355 6 1
0258 9 10
0409 2 3
0241 6 5
0296 13 2
0020 7 16
0029 10 10
0390 14 18
0336 14 8
0264 3 6
0089 19 17
0403 6 10
0353 15 11
0222 15 14
0112 9 7
0410 21 1
0033 16 2
0358 8 11
0424 2 1
0368 4 5
0258 13 14
0441 3 4
0313 4 6
0029 24 5
0387 26 15
0222 24 26
0203 5 3
0090 10 22
0155 13 8
0053 2 22
0097 5 4
0410 9 4
0096 6 12
0439 12 3
0428 1 1
0366 8 11
0104 10 9
0281 21 18
0084 23 6
0056 2 2
0249 8 27
0376 14 18
0176 6 24
0076 3 2
0325 3 18
0075 6 10
0093 2 11
0353 13 20
0255 25 24
0047 14 12
0176 19 12
0434 8 8
0296 11 4
0041 12 11
0068 13 7
0435 14 24
0014 6 10
0307 13 11
0143 9 9
0211 1 10
0042 20 2
0168 21 13
0112 23 25
0416 12 2
0321 4 27
0012 13 10
0305 2 9
0361 14 17
0398 6 1
0230 16 14
0114 21 20
0285 15 14
0097 7 2
0359 15 17
0358 6 8
0118 3 2
0276 19 16
0381 8 1
0134 9 12
0253 1 1
0371 4 7
0151 12 9
0402 12 7
0060 18 18
0081 11 13
0192 2 3
0294 8 11
0166 3 7
0172 16 6
0224 3 4
0364 9 7
0245 15 8
0232 7 11
0269 10 14
0241 2 1
0119 19 7
0283 22 26
0198 15 17
0206 9 5
0276 4 1
0394 1 3
0089 1 2
0289 2 6
0114 12 19
0371 6 10
0162 17 15
0199 6 5
0186 6 13
0387 22 3
0057 18 26
0270 11 15
0074 9 11
0226 13 14
0290 11 9
0119 10 20
0404 10 12
0428 5 5
0155 7 16
0060 1 21
0017 19 21
0276 6 6
0166 13 9
0290 15 4
0346 3 4
0215 19 23
0431 1 1
0244 2 2
0035 15 17
0097 20 15
0005 3 1
0415 11 2
0134 6 16
0441 20 3
0091 6 7
0048 12 14
0303 20 9
0169 3 8
0119 21 6
0136 17 2
0182 16 19
0262 1 2
0413 8 2
0393 8 5
0119 8 22
0162 14 8
0182 13 13
0235 5 2
0119 25 27
0311 2 10
0444 3 21
0150 13 26
0070 6 8
0348 15 18
0441 12 13
0278 5 3
0417 9 19
0103 5 22
0288 1 7
0122 14 18
0086 11 18
0260 16 3
0288 12 8
0085 6 10
0389 1 1
0400 25 13
0340 8 2
0096 2 3
0093 19 20
0357 13 13
0196 3 11
0116 3 5
0068 27 24
0391 15 10
0447 3 2
0141 12 1
0333 3 2
0139 4 2
0039 9 9
0017 12 7
0410 6 1
0409 18 13
0173 6 12
0197 19 19
0445 12 10
0058 15 1
0395 18 1
0208 13 19
0338 11 5
0336 7 2
0193 22 29
0295 6 2
0069 16 10
0171 6 8
0135 5 4
0194 4 3
0254 1 19
0084 13 21
0285 9 16
0214 13 5
0362 16 26
0166 21 24
0346 1 20
0220 2 2
0021 16 16
0400 5 8
0425 4 24
0254 11 11
0436 22 26
0272 9 10
0332 6 8
0156 5 1
0340 2 5
0174 3 23
0212 9 9
0423 11 9
0161 13 15
0380 5 18
0106 9 8
0055 20 22
0434 1 2
0195 10 11
0157 10 12
0322 16 2
0222 25 10
0165 6 7
0349 1 3
0036 12 3
0375 5 23
0293 14 16
0435 4 18
0317 11 7
0254 9 6
0335 14 16
0268 16 4
0202 2 10
0107 17 17
0316 17 17
0405 7 8
0286 1 1
0413 3 13
0153 22 1
0252 4 10
0033 21 19
0048 5 15
0232 10 19
0031 17 8
0021 5 6
0080 12 13
0397 5 3
0098 12 16
0092 9 12
0144 14 10
0387 16 24
0426 20 22
0276 9 10
0281 9 14
0290 24 11
0304 13 15
0058 3 13
0322 13 12
0389 14 8
0134 2 3
0377 4 4
0438 17 18
0040 20 20
0031 12 11
0117 2 16
0279 21 28
0164 10 24
0184 4 5
0429 11 20
0086 10 18
0082 5 8
0283 11 4
0358 14 15
0363 8 13
0409 6 15
0116 5 3
0417 26 10
0299 9 7
0433 4 3
0134 10 13
0142 4 9
0144 12 12
0399 2 6
0159 1 4
0111 5 6
0153 12 2
0034 22 26
0411 22 27
0416 5 5
0413 16 16
0325 7 19
0215 8 16
0012 12 8
0257 1 5
0313 13 5
0269 4 12
0359 17 25
0103 7 5
0295 8 12
0400 3 7
0351 12 12
0089 10 10
0110 4 6
0234 6 7
0227 12 14
0233 3 15
0051 13 1
0013 19 13
0215 12 11
0074 1 8
0172 17 8
0013 23 6
0017 8 8
0019 3 1
0109 12 14
0084 22 2
0090 3 5
0344 1 2
0272 6 4
0311 4 5
0246 13 2
0255 6 9
0381 3 13
0324 6 12
0381 2 1
0430 13 12
0093 14 16
0006 15 19
0340 14 18
0159 7 6
0028 6 7
0276 13 14
0346 16 15
0374 12 20
0162 1 6
0119 13 18
0183 1 2
0406 8 10
0123 14 7
0241 5 5
0203 17 8
0193 13 14
0006 1 3
0267 19 25
0326 7 6
0195 4 5
0066 18 21
0236 18 21
0089 18 13
0102 2 3
0153 16 12
0225 7 7
0039 7 8
0396 11 15
0188 9 5
0374 17 3
0399 3 2
0383 8 9
0086 12 13
0278 1 21
0417 1 27
0109 14 12
0267 6 6
0230 23 10
0279 23 4
0154 3 6
0266 9 14
0035 9 9
0289 1 13
0171 9 10
0233 7 1
0428 2 1
0297 5 6
0418 18 3
0187 2 1
0229 19 25
0010 6 15
0413 19 20
0212 1 1
0348 6 6
0226 10 1
0415 16 10
0168 26 24
0112 12 12
0165 11 13
0392 14 16
0416 1 1
0377 2 2
0006 3 1
0077 3 3
0287 16 13
0202 9 6
0089 12 19
0166 2 2
0228 13 2
0304 19 24
0033 17 14
0114 1 2
0104 13 4
0387 17 22
0349 13 4
0114 18 22
0289 3 3
0043 1 5
0363 3 10
0051 5 2
0287 18 20
0277 2 10
0321 5 8
0111 7 8
0338 2 11
0293 4 3
0355 5 5
0416 15 15
0170 1 1
0153 18 12
0293 19 21
0296 10 4
0193 9 10
0014 1 10
0055 19 25
0010 2 1
0128 3 3
0146 7 4
0335 5 2
0417 8 10
0286 14 9
0310 13 8
0114 13 19
0060 4 1
0063 2 2
0314 2 4
0199 1 5
0391 10 12
0093 1 2
0427 18 20
0414 9 5
0100 14 15
0404 11 14
0397 11 9
0134 8 12
0190 4 12
0199 5 2
0304 6 7
0092 11 12
0155 14 26
0230 21 22
0380 19 17
0102 12 8
0083 9 5
0393 9 12
0150 19 9
0286 12 6
0224 8 13
0170 3 3
0242 16 8
0232 6 9
0300 1 4
0054 7 10
0113 4 3
0373 5 5
0128 1 1
0056 6 9
0286 19 1
0142 17 6
0266 11 5
0446 8 12
0265 14 13
0339 24 3
0242 10 4
0093 16 16
0035 5 5
0158 3 3
0178 13 16
0047 19 18
0435 9 11
0129 14 12
0087 2 8
0321 22 24
0096 1 8
0168 7 6
0211 6 2
0391 6 4
0310 16 15
0287 22 16
0395 23 7
0407 4 7
0030 3 4
0338 6 7
0088 13 18
0162 9 14
0410 22 20
0170 5 5
0113 6 1
0390 13 13
0215 7 3
0211 4 11
0148 10 16
0153 2 3
0246 11 13
0358 11 16
0173 1 1
0238 12 2
0309 4 4
0371 5 8
0112 1 20
0269 18 1
0388 9 1
0394 6 4
0272 12 10
0231 3 2
0364 8 8
0155 5 11
0141 1 1
0409 17 13
0154 16 6
0182 12 15
0178 9 2
0436 6 10
0091 4 6
0318 3 2
0215 1 24
0102 8 12
0162 11 12
0237 8 9
0411 20 25
0170 7 7
0434 17 18
0072 17 16
0441 6 14
0380 4 23
0062 7 1
0317 8 5
0260 25 22
0425 15 13
0057 19 29
0316 8 17
0293 7 9
0208 18 15
0329 3 4
0020 13 15
0219 12 7
0222 6 2
0094 9 12
0173 3 7
0122 5 9
0425 11 26
0425 3 6
0203 10 5
0103 23 26
0075 9 14
0285 12 9
0025 15 17
0423 10 13
0353 16 12
0050 2 2
0110 1 5
0382 11 7
0057 11 7
0381 22 15
0436 11 15
0322 27 23
0025 11 22
0019 10 2
0239 1 6
0291 4 8
0102 5 13
0108 14 16
0153 19 13
0240 10 1
0426 12 7
0224 27 17
0416 16 13
0189 3 3
0419 12 17
0055 7 6
0389 4 1
0314 9 8
0406 1 19
0201 6 4
0172 23 20
0393 3 3
0422 3 4
0409 11 13
0069 27 22
0172 6 13
0171 3 21
0400 17 28
0350 3 14
0281 7 8
0401 3 5
0345 1 1
0273 4 9
0127 23 4
0173 9 6
0235 14 14
0303 13 8
0430 3 2
0034 21 22
0051 22 23
0055 21 26
0325 4 9
0128 13 22
0390 17 3
0335 1 15
0078 1 3
0068 3 20
0017 11 8
0443 16 16
0277 13 13
0342 16 14
0409 3 7
0426 14 9
0367 2 2
0174 9 9
0387 19 12
0250 13 15
0314 11 10
0444 25 19
0362 21 28
0132 11 11
0097 14 21
0209 4 1
0339 6 6
0182 14 16
0303 15 17
0238 10 8
0006 19 24
0292 10 12
0360 12 4
0232 9 17
0208 20 19
0080 11 15
0098 15 16
0219 14 19
0162 13 19
0274 3 3
0099 1 1
0045 4 2
0106 10 14
0044 5 6
0307 2 10
0319 1 1
0193 2 2
0445 24 14
0327 11 19
0441 17 12
0441 11 5
0313 12 9
0085 10 4
0237 14 15
0277 15 3
0351 15 10
0418 14 11
0327 1 3
0015 3 3
0323 6 11
0139 9 4
0391 3 4
0129 5 10
0132 9 9
0263 6 25
0431 9 5
0293 20 10
0283 2 21
0146 2 9
0360 17 14
0409 7 9
0439 14 5
0426 4 4
0292 8 10
0245 21 7
0297 10 10
0123 5 2
0366 12 13
0433 5 1
0442 6 7
0231 27 6
0159 6 4
0233 23 17
0415 2 15
0104 11 12
0054 15 11
0328 15 21
0165 8 11
0382 1 13
0375 27 27
0142 3 2
0325 9 12
0334 8 1
0264 5 6
0402 14 16
0148 19 10
0110 7 6
0374 9 5
0310 6 6
0188 10 5
0092 8 19
0129 7 12
0340 7 10
0033 11 3
0272 5 4
0047 15 14
0100 11 11
0428 3 5
0359 4 10
0117 10 12
0169 13 10
0134 13 10
0279 5 26
0074 4 5
0198 7 16
0212 2 1
0081 5 6
0084 9 5
0083 12 13
0412 1 3
0165 10 9
0317 14 12
0298 5 3
0164 9 17
0436 3 7
0195 5 3
0014 4 2
0082 4 3
0200 1 1
0128 6 5
0399 5 9
0103 10 13
0031 1 1
0281 8 18
0216 9 7
0421 2 9
0164 16 4
0174 13 16
0420 1 1
0438 9 10
0070 16 9
0199 2 3
0029 14 3
0148 24 30
0389 13 16
0175 4 2
0287 23 6
0316 15 15
0070 9 9
0108 3 23
0381 6 13
0181 10 13
0279 11 24
0376 4 1
0274 9 9
0090 14 21
0017 20 5
0164 24 28
0407 3 3
0351 13 11
0080 4 8
0089 3 8
0166 11 18
0050 12 8
0293 3 3
0420 3 8
0288 7 3
0239 8 8
0287 15 12
0258 11 23
0205 11 7
0441 1 3
0313 10 15
0322 5 9
0331 14 12
0325 13 8
0128 4 3
0155 15 23
0398 10 14
0211 11 7
0435 17 19
0089 13 17
0275 13 4
0107 11 5
0225 2 3
0219 5 9
0174 1 1
0429 10 5
0055 1 15
0083 17 26
0123 9 8
0013 24 3
0362 11 15
0119 17 20
0017 21 20
0132 3 3
0022 6 6
0155 11 8
0388 12 22
0216 3 4
0234 7 9
0287 12 8
0100 15 15
0364 5 2
0292 2 4
0310 14 7
0070 11 11
0108 1 21
0053 21 23
0420 6 6
0131 12 3
0066 21 12
0212 6 5
0436 18 21
0114 25 21
0323 13 17
0350 6 3
0340 16 3
0334 21 17
0416 14 13
0427 4 7
0127 4 6
0361 12 10
0129 11 10
0057 22 5
0413 10 10
0145 3 4
0279 2 4
0415 1 7
0359 9 20
0100 9 2
0246 14 15
0358 4 7
0084 26 12
0315 10 12
0187 9 7
0432 2 4
0141 8 7
0399 7 9
0268 6 6
0398 14 16
0021 11 12
0220 10 4
0229 5 9
0053 6 16
0414 8 7
0298 7 10
0105 5 3
0297 2 2
0248 7 1
0265 20 14
0418 3 25
0380 18 19
0342 2 2
0083 16 12
0329 4 5
0285 11 2
0169 22 28
0246 12 16
0237 15 12
0292 4 7
0033 18 7
0127 26 24
0301 13 21
0057 7 24
0437 6 9
0108 11 22
0122 12 26
0053 17 13
0317 5 11
0255 2 17
0442 17 13
0215 6 3
0084 7 2
0261 8 9
0413 12 12
0153 1 3
0337 4 7
0316 13 22
0360 16 13
0036 14 16
0279 17 27
0163 12 11
0375 7 12
0206 11 1
0064 4 18
0071 11 18
0132 7 7
0144 27 14
0150 11 8
0203 15 3
0227 16 18
0208 11 5
0139 6 2
0279 4 9
0098 6 8
0088 6 14
0392 11 15
0072 3 7
0430 4 4
0059 2 5
0196 18 3
0192 9 11
0071 1 2
0266 19 20
0263 10 3
0140 6 8
0010 5 8
0386 5 7
0271 6 6
0329 6 7
0165 2 1
0171 17 4
0040 16 5
0215 17 19
0239 2 2
0254 20 12
0241 14 3
0197 21 4
0154 5 11
0314 5 13
0234 14 17
0112 4 15
0326 14 10
0076 9 5
0131 4 2
0146 10 8
0215 4 1
0261 10 11
0323 5 18
0098 4 17
0287 2 15
0346 15 24
0275 20 17
0290 26 25
0069 18 5
0185 5 6
0418 8 10
0249 21 27
0148 13 27
0272 11 10
0362 18 23
0068 4 2
0350 18 24
0137 14 16
0321 17 26
0245 1 19
0409 4 6
0187 11 11
0034 16 22
0186 4 3
0135 1 1
0381 21 15
0142 10 6
0200 10 9
0277 16 8
0165 4 7
0034 5 6
0242 13 13
0288 15 11
0148 16 19
0303 2 3
0356 8 8
0380 11 9
0417 4 8
0062 6 7
0426 7 18
0419 15 17
0120 6 6
0169 12 26
0441 16 1
0316 19 21
0265 11 7
0114 8 14
0357 15 5
0427 14 10
0243 9 8
0435 2 9
0052 10 10
0265 22 21
0387 9 14
0318 9 8
0258 6 7
0008 3 1
0279 8 5
0157 6 7
0209 5 8
0401 2 9
0208 6 16
0421 23 13
0303 12 6
0230 7 16
0054 10 12
0181 4 3
0062 4 8
0307 7 2
0127 9 14
0316 4 4
0081 9 10
0426 8 4
0257 5 7
0260 9 4
0172 24 8
0096 8 9
0383 1 14
0250 16 10
0066 1 3
0249 22 28
0314 8 8
0279 10 12
0223 4 8
0172 22 20
0111 3 5
0104 2 6
0053 11 4
0040 11 7
0360 13 2
0217 24 25
0369 4 4
0112 16 12
0126 12 11
0087 5 2
0222 26 30
0147 12 1
0236 16 15
0059 12 11
0243 3 7
0404 14 16
0064 10 17
0316 10 6
0325 5 11
0070 12 4
0007 2 1
0321 8 6
0016 1 1
0359 19 29
0288 11 15
0412 2 8
0318 16 11
0380 15 13
0115 4 6
0251 3 5
0082 18 17
0182 3 3
0315 5 6
0250 12 13
0031 19 23
0093 8 17
0320 1 6
0274 8 25
0339 17 21
0404 12 15
0127 22 15
0226 2 2
0388 13 20
0247 4 2
0175 3 4
0352 7 1
0034 18 15
0444 13 7
0217 26 27
0094 17 20
0190 12 10
0125 19 21
0351 17 9
0020 4 2
0328 1 4
0046 4 2
0102 4 6
0357 7 6
0238 1 7
0059 10 13
0307 3 6
0419 13 14
0070 14 2
0390 18 15
0023 6 8
0040 18 20
0283 13 15
0028 4 4
0084 18 15
0330 10 10
0233 18 8
0102 14 8
0439 11 10
0168 16 20
0061 1 1
0194 10 11
0184 2 5
0439 1 14
0363 9 13
0383 10 13
0020 6 7
0204 3 3
0091 12 3
0215 23 3
0336 13 5
0273 5 2
0181 6 10
0352 5 3
0050 17 8
0364 2 4
0354 18 14
0123 2 2
0066 9 2
0258 2 16
0187 4 5
0142 6 9
0269 2 1
0204 7 14
0342 3 2
0405 5 6
0231 8 10
0274 14 12
0055 9 21
0217 7 7
0125 8 9
0249 4 18
0210 10 7
0265 7 10
0325 10 12
0339 7 13
0282 4 5
0421 1 9
0153 10 9
0283 24 18
0052 14 25
0298 6 8
0398 3 2
0261 4 5
0121 20 10
0323 17 25
0212 13 4
0410 7 17
0164 19 2
0173 12 9
0038 7 19
0068 17 16
0052 2 2
0348 17 16
0437 7 9
0241 13 17
0130 9 3
0323 1 28
0441 4 12
0210 8 8
0141 7 16
0081 6 6
0324 11 15
0044 8 8
0320 18 15
0027 1 3
0164 13 13
0030 5 4
0071 7 11
0302 3 6
0174 10 12
0316 6 23
0374 5 5
0191 3 3
0290 17 12
0279 14 17
0326 1 2
0150 10 10
0154 1 15
0353 8 7
0281 3 3
0436 7 11
0038 5 6
0043 5 2
0245 22 14
0087 9 13
0086 14 5
0137 6 1
0027 3 4
0273 11 11
0068 23 22
0419 11 7
0217 16 17
0069 5 3
0006 11 21
0426 10 17
0388 18 4
0335 12 16
0255 11 18
0435 5 7
0014 20 16
0112 10 12
0174 4 14
0234 8 9
0232 8 13
0428 4 6
0303 11 9
0076 6 5
0062 9 9
0441 2 1
0421 17 2
0203 4 2
0250 19 23
0084 20 21
0354 15 13
0390 15 7
0044 12 9
0217 22 24
0131 22 16
0315 13 14
0419 1 1
0436 4 8
0400 26 29
0074 17 7
0185 8 8
0123 17 16
0342 7 1
0229 4 5
0216 2 4
0095 8 15
0322 17 20
0044 10 13
0405 8 8
0447 2 2
0239 11 1
0268 20 24
0250 14 17
0182 10 18
0427 3 11
0314 6 3
0186 1 7
0268 11 3
0139 7 15
0074 10 18
0201 12 9
0147 11 8
0156 6 9
0410 20 8
0288 4 7
0224 17 25
0326 13 14
0255 13 17
0027 13 14
0085 3 4
0165 18 17
0146 9 12
0330 2 2
0279 3 4
0338 8 16
0153 14 16
0025 9 15
0246 9 9
0255 16 3
0118 10 10
0281 22 25
0119 20 22
0040 8 22
0206 4 6
0358 16 19
0330 6 7
0320 16 8
0348 4 17
0027 15 8
0353 14 19
0346 14 1
0392 12 15
0311 12 11
0069 23 14
0431 2 14
0234 15 16
0178 7 10
0371 3 1
0302 12 8
0233 14 26
0132 4 4
0396 18 29
0274 12 15
0221 4 16
0236 22 22
0273 9 7
0145 2 3
0157 5 12
0393 11 4
0246 15 16
0227 6 15
0358 15 19
0041 9 11
0253 8 6
0097 21 19
0308 3 3
0062 5 5
0322 19 12
0023 12 2
0230 19 5
0208 7 8
0415 4 3
0044 16 13
0289 13 14
0357 12 11
0117 15 15
0108 5 19
0172 2 15
0050 6 18
0204 9 9
0198 2 3
0321 7 7
0249 20 27
0376 16 15
0151 2 11
0290 12 11
0402 2 3
0215 18 14
0084 19 17
0236 7 4
0381 13 5
0243 6 3
0034 17 20
0334 1 18
0112 14 17
0090 7 17
0441 13 13
0278 4 7
0322 25 23
0288 13 7
0231 7 13
0279 16 20
0041 11 5
0325 15 11
0330 11 7
0262 6 5
0216 16 11
0018 4 6
0240 25 15
0100 26 15
0404 9 11
0157 18 17
0380 9 1
0247 3 4
0119 24 26
0439 4 13
0248 6 10
0127 2 20
0268 9 10
0060 23 15
0131 1 3
0318 14 10
0380 17 10
0210 1 2
0157 15 12
0088 3 8
0231 1 6
0159 12 12
0291 7 2
0239 13 11
0360 19 1
0187 8 9
0181 3 3
0034 19 22
0313 7 12
0385 7 1
0155 8 26
0069 14 16
0285 6 19
0412 14 15
0265 8 2
0206 1 1
0165 5 5
0410 10 18
0055 10 10
0163 13 4
0254 23 12
0062 1 1
0129 8 13
0245 23 13
0390 9 11
0013 4 4
0375 21 20
0266 1 1
0328 8 11
0444 4 4
0337 1 1
0150 5 8
0392 10 4
0413 2 15
0173 5 3
0098 8 11
0104 3 4
0427 15 14
0247 1 2
0408 8 7
0383 4 3
0410 17 16
0447 6 6
0416 11 15
0331 19 25
0066 2 8
0087 4 12
0083 5 10
0341 2 1
0159 2 2
0212 8 9
0233 27 23
0127 25 21
0444 12 11
0033 7 7
0229 13 20
0362 6 6
0311 7 8
0304 14 13
0326 19 14
0360 10 13
0136 1 15
0283 14 13
0028 7 8
0336 4 2
0339 10 13
0301 10 10
0282 1 5
0167 2 4
0306 12 14
0308 5 5
0040 4 25
0224 25 17
0164 11 28
0410 14 13
0117 18 19
0208 8 16
0202 5 4
0445 26 25
0388 5 25
0266 3 3
0172 21 20
0166 22 24
0091 1 1
0290 30 15
0321 18 19
0034 10 1
0357 2 5
0293 9 10
0222 13 27
0283 21 8
0311 1 1
0124 2 2
0254 4 5
0324 1 14
0338 10 4
0095 6 1
0440 12 10
0405 2 2
0028 1 7
0410 4 6
0164 6 4
0348 3 2
0228 12 18
0311 5 6
0387 27 26
0434 2 2
0188 8 7
0086 7 2
0322 21 6
0359 13 6
0023 1 10
0163 9 8
0240 22 3
0189 7 1
0120 1 2
0117 20 21
0306 1 11
0395 21 17
0261 1 3
0406 13 17
0358 9 11
0413 6 11
0422 15 14
0164 20 23
0272 7 8
0044 1 11
0259 17 22
0048 2 9
0321 15 15
0134 3 2
0074 2 1
0192 3 3
0260 6 20
0210 7 4
0256 5 6
0402 10 11
0330 9 7
0229 1 24
0290 29 9
0171 5 7
0414 12 14
0189 5 6
0385 9 5
0205 7 5
0335 15 7
0017 23 14
0322 23 4
0040 17 20
0395 4 5
0109 19 12
0413 4 6
0235 22 3
0225 6 5
0153 9 9
0417 3 2
0289 4 4
0174 5 7
0421 16 22
0198 8 12
0291 15 13
0013 10 10
0066 4 5
0184 1 3
0383 11 15
0204 2 1
0073 5 6
0287 27 21
0259 5 21
0173 11 9
0235 12 11
0238 6 14
0418 10 7
0175 6 2
0208 9 9
0364 1 4
0263 13 18
0348 18 22
0115 8 9
0069 2 5
0187 5 3
0196 12 8
0267 20 26
0406 11 14
0019 6 9
0405 6 6
0250 11 12
0343 3 6
0342 18 9
0320 19 15
0080 6 12
0275 19 7
0125 3 3
0411 4 9
0316 7 23
0250 15 14
0244 8 8
0021 4 20
0108 21 16
0121 19 6
0168 9 13
0313 8 15
0023 5 6
0396 13 22
0163 5 12
0153 11 7
0195 16 15
0316 11 18
0413 23 21
0391 7 14
0086 15 1
0287 25 19
0022 4 6
0320 21 2
0422 2 3
0039 1 13
0348 16 16
0319 7 8
0291 9 16
0126 5 3
0131 23 9
0389 16 14
0441 5 12
0195 7 2
0313 14 2
0269 5 5
0023 7 3
0131 14 3
0032 12 7
0166 1 1
0107 21 11
0228 6 20
0112 11 14
0437 2 3
0303 10 13
0006 2 1
0323 26 3
0265 2 8
0277 5 3
0339 2 5
0278 17 1
0280 9 6
0068 18 25
0242 9 2
0325 16 22
0098 17 18
0235 3 26
0427 6 4
0296 7 7
0112 6 20
0204 6 5
0073 1 2
0137 7 7
0009 8 3
0328 13 14
0150 20 10
0061 10 6
0418 2 12
0059 6 3
0445 6 12
0441 7 10
0440 14 17
0278 14 16
0259 7 13
0222 22 5
0386 1 5
0324 8 11
0195 12 13
0369 17 7
0427 17 21
0171 15 9
0429 8 14
0301 11 17
0285 16 14
0300 2 8
0172 1 4
0062 8 11
0195 1 1
0288 14 9
0322 7 9
0402 20 6
0237 22 21
0013 7 21
0090 4 6
0202 10 14
0441 26 9
0139 2 18
0029 21 2
0044 19 11
0310 12 14
0188 6 16
0117 12 13
0130 8 8
0121 11 7
0023 13 7
0203 1 3
0165 21 10
0012 2 17
0415 5 6
0225 8 2
0359 7 14
0388 16 16
0114 6 7
0042 3 19
0178 4 8
0317 1 4
0071 3 10
0266 17 8
0269 9 9
0060 16 16
0330 1 15
0273 8 7
0102 15 14
0323 11 17
0292 1 10
0088 14 22
0417 15 13
0237 5 5
0189 13 14
0301 3 6
0217 21 1
0239 12 10
0250 17 8
0057 16 29
0094 23 6
0211 7 9
0267 11 18
0102 11 1
0417 27 4
0032 14 19
0290 9 20
0222 5 24
0294 7 10
0416 8 2
0274 20 19
0404 13 9
0178 2 1
0063 1 2
0162 19 17
0196 20 13
0252 2 4
0318 13 14
0064 18 14
0235 20 19
0338 5 12
0350 4 14
0413 17 18
0150 16 14
0047 7 4
0367 1 5
0220 17 12
0187 13 11
0190 1 4
0023 9 9
0207 4 1
0430 1 1
0381 19 15
0072 26 11
0346 11 27
0237 7 11
0426 18 9
0416 10 7
0036 8 11
0066 10 22
0060 11 10
0296 5 14
0356 10 12
0012 19 17
0323 20 13
0064 12 6
0132 1 8
0322 11 5
0149 4 5
0230 18 11
0267 9 12
0279 6 2
0092 1 1
0025 4 3
0245 13 20
0244 4 5
0113 3 6
0240 3 5
0162 21 23
0388 2 7
0375 17 20
0129 9 4
0001 2 2
0274 23 3
0075 2 3
0275 7 18
0027 10 14
0412 13 14
0068 10 21
0351 21 18
0235 24 4
0367 7 7
0236 6 4
0164 3 2
0127 16 6
0363 10 2
0054 6 7
0381 14 3
0327 17 6
0383 5 6
0269 13 13
0443 4 3
0274 17 19
0271 4 2
0324 2 5
0380 22 21
0394 3 14
0017 6 3
0237 9 9
0324 10 14
0093 17 9
0245 5 10
0281 23 6
0068 5 11
0013 3 6
0197 14 12
0342 10 5
0229 7 16
0225 10 9
0095 5 15
0150 26 10
0034 9 7
0358 2 15
0254 24 16
0126 3 14
0050 1 1
0234 10 13
0050 11 16
0308 4 4
0121 1 1
0203 11 5
0103 20 24
0027 8 12
0083 4 12
0235 16 23
0328 5 6
0119 12 14
0231 6 6
0118 11 6
0290 22 13
0302 11 12
0446 7 6
0360 11 9
0397 3 1
0143 3 2
0342 8 2
0205 2 13
0014 21 9
0335 10 3
0222 7 3
0019 11 12
0097 11 3
0274 2 8
0103 3 5
0242 15 13
0236 8 7
0348 2 15
0272 4 24
0063 7 11
0125 6 12
0224 26 17
0429 1 19
0051 17 9
0446 4 1
0430 2 2
0012 6 12
0006 7 16
0029 7 7
0411 14 17
0224 1 20
0117 4 5
0437 12 11
0166 6 19
0050 3 3
0202 23 22
0243 7 8
0263 8 8
0382 2 5
0057 10 14
0075 14 15
0318 11 8
0348 13 21
0136 16 14
0083 2 10
0014 13 3
0151 7 13
0259 14 9
0048 24 10
0006 10 16
0370 2 3
0112 8 15
0326 18 2
0269 17 17
0060 24 24
0168 15 29
0205 4 11
0014 23 11
0283 15 15
0074 16 19
0375 6 23
0136 15 10
0354 7 3
0239 4 2
0396 3 5
0171 2 8
0174 8 9
0232 12 20
0051 15 11
0376 13 4
0095 3 14
0417 16 25
0387 1 15
0012 1 3
0268 5 25
0400 1 8
0299 3 6
0051 21 11
0268 12 18
0321 14 15
0315 1 5
0069 15 7
0078 6 4
0202 24 1
0341 5 5
0224 11 17
0155 6 22
0410 8 6
0092 16 14
0029 20 18
0025 21 24
0171 4 7
0058 5 7
0105 8 16
0143 7 6
0385 8 1
0441 18 10
0202 22 23
0064 7 10
0278 13 15
0256 2 9
0073 12 1
0334 9 15
0231 14 1
0159 5 5
0147 2 8
0288 9 11
0249 18 26
0041 2 1
0340 19 18
0257 4 1
0198 9 14
0390 20 21
0123 6 1
0405 3 3
0315 3 2
0235 6 28
0320 15 10
0335 2 2
0350 20 12
0217 11 12
0282 6 6
0083 19 22
0294 1 4
0302 5 11
0252 8 10
0431 10 8
0021 9 15
0144 10 10
0019 9 9
0271 9 10
0081 4 6
0320 20 15
0036 2 12
0089 8 13
0375 11 16
0054 14 15
0347 5 8
0228 11 1
0311 8 4
0189 6 6
0360 5 7
0435 16 19
0417 17 26
0011 1 1
0017 16 14
0322 22 12
0128 7 11
0413 5 2
0208 12 17
0362 7 10
0430 11 16
0384 13 6
0246 3 1
0061 3 1
0042 5 16
0443 8 6
0193 7 18
0426 21 21
0320 13 8
0092 15 15
0019 1 3
0066 22 22
0270 12 15
0281 11 11
0280 8 3
0311 10 15
0182 4 11
0169 14 8
0318 1 2
0133 1 4
0078 2 6
0264 6 13
0332 5 5
0404 4 2
0080 5 12
0032 7 16
0032 13 7
0355 7 7
0112 18 9
0416 7 8
0392 8 10
0303 21 13
0073 4 13
0144 20 25
0278 9 11
0277 10 16
0315 16 18
0404 2 10
0339 5 5
0378 1 1
0174 12 22
0227 8 22
0413 24 23
0051 9 1
0013 13 12
0250 2 1
0012 14 4
0192 8 9
0335 6 6
0311 6 15
0047 8 14
0204 13 16
0209 3 11
0206 8 8
0404 6 7
0342 5 5
0021 10 14
0080 7 7
0027 9 15
0441 27 16
0275 18 12
0290 6 15
0047 2 2
0070 8 9
0081 10 13
0433 2 1
0077 1 2
0440 5 4
0085 13 7
0082 15 21
0231 12 12
0085 7 12
0103 19 11
0114 22 23
0375 15 20
0393 15 10
0006 18 24
0307 6 9
0155 17 25
0176 12 15
0242 14 14
0380 2 1
0441 8 16
0266 6 16
0313 11 3
0016 2 2
0234 2 12
0174 14 16
0355 1 6
0292 13 15
0255 18 3
0051 7 3
0250 10 22
0427 7 4
0240 14 22
0338 17 17
0111 13 15
0204 5 3
0229 8 1
0206 10 6
0098 5 6
0365 7 8
0293 2 2
0298 4 6
0305 5 3
0154 8 6
0313 9 4
0274 10 15
0031 6 10
0395 9 9
0149 7 11
0095 12 16
0283 6 7
0429 9 2
0358 13 19
0242 6 11
0315 15 17
0245 16 11
0303 9 9
0318 8 14
0333 6 4
0108 19 23
0403 3 6
0172 13 10
0280 6 8
0273 6 9
0109 1 10
0245 4 3
0122 1 1
0168 11 15
0445 5 5
0224 23 15
0137 2 3
0419 7 9
0220 18 18
0241 1 4
0241 11 13
0205 12 8
0326 3 7
0031 4 8
0353 10 12
0166 12 15
0237 6 3
0237 16 14
0339 16 21
0230 6 17
0303 17 14
0281 20 2
0356 11 14
0417 23 5
0129 12 11
0334 3 5
0165 20 17
0066 26 25
0094 22 2
0146 11 12
0139 1 16
0039 4 6
0278 12 1
0092 2 1
0053 5 23
0240 27 15
0422 7 4
0306 10 7
0234 9 11
0252 1 4
0129 6 19
0132 6 3
0425 9 16
0385 5 6
0270 4 7
0093 15 15
0148 4 10
0157 3 7
0434 13 19
0422 13 11
0258 12 24
0059 14 17
0305 1 7
0238 5 7
0055 17 18
0010 4 6
0443 7 3
0074 14 16
0112 20 16
0152 3 2
0290 1 2
0117 13 6
0114 15 22
0104 9 5
0107 7 13
0420 11 15
0391 8 11
0438 7 8
0251 6 7
0120 7 6
0141 9 2
0227 19 25
0149 5 7
0270 10 12
0290 10 18
0097 2 5
0425 26 27
0354 4 8
0013 21 20
0072 13 11
0190 6 13
0207 7 8
0004 3 1
0271 1 9
0106 1 17
0335 17 6
0071 13 3
0006 9 12
0125 1 1
0380 12 5
0005 4 4
0312 4 6
0072 1 12
0258 1 1
0395 19 15
0083 13 18
0123 20 13
0411 5 20
0094 15 7
0231 5 5
0277 11 11
0096 3 4
0279 22 28
0113 2 1
0041 5 5
0148 14 16
0039 8 10
0073 15 10
0401 7 12
0395 6 16
0275 29 6
0202 20 20
0373 8 3
0179 6 3
0004 1 3
0126 13 13
0380 23 14
0059 16 19
0008 2 1
0098 13 14
0287 5 2
0416 4 8
0098 18 6
0253 10 3
0240 12 6
0233 4 18
0258 3 3
0196 14 13
0249 12 12
0351 24 21
0388 1 4
0378 2 7
0091 5 6
0085 8 10
0111 12 14
0196 19 19
0429 2 17
0013 6 4
0013 16 15
0296 15 17
0320 2 2
0083 7 21
0338 16 14
0337 3 1
0097 15 17
0100 20 26
0055 6 22
0279 18 6
0104 1 4
0303 5 6
0380 6 23
0439 8 7
0071 4 7
0266 20 23
0316 5 1
0265 17 15
0093 11 8
0192 5 11
0444 23 15
0010 9 8
0224 12 17
0215 20 22
0027 4 13
0254 17 13
0032 2 11
0035 8 8
0293 11 12
0365 2 9
0025 20 26
0127 12 10
0434 3 3
0007 3 1
0139 13 3
0020 3 10
0210 9 7
0037 2 3
0136 14 14
0354 6 13
0353 3 5
0238 2 6
0041 1 1
0380 14 13
0049 5 2
0446 1 1
0314 13 8
0039 12 14
0166 16 24
0334 16 7
0045 2 1
0240 18 10
0323 21 25
0252 9 12
0014 9 1
0127 14 1
0151 11 7
0418 17 13
0324 7 10
0031 20 6
0006 12 23
0279 7 16
0148 6 17
0393 1 11
0405 4 6
0209 2 10
0103 14 23
0295 5 11
0279 20 23
0108 12 9
0275 21 7
0035 6 6
0425 7 2
0341 6 5
0360 6 7
0437 14 13
0214 14 4
0064 6 14
0024 2 4
0226 3 3
0418 6 12
0043 6 8
0245 19 8
0042 9 16
0321 13 22
0327 7 13
0087 10 13
0237 20 24
0240 16 4
0176 9 25
0315 12 5
0075 11 9
0249 14 7
0397 10 1
0014 8 5
0387 2 3
0265 4 9
0359 16 26
0028 5 1
0021 17 6
0137 18 6
0035 4 4
0006 17 20
0419 8 10
0057 3 3
0375 25 25
0194 8 8
0012 17 14
0205 9 5
0384 8 5
0269 7 6
0091 15 8
0094 7 15
0343 7 9
0083 18 29
0238 4 17
0408 4 4
0237 3 10
0306 5 9
0257 3 7
0261 5 5
0432 6 4
0351 22 18
0435 12 11
0222 18 13
0208 1 11
0419 19 11
0422 11 8
0287 19 5
0216 5 6
0278 19 8
0234 5 7
0424 8 11
0433 1 1
0118 4 3
0343 1 2
0057 25 21
0342 6 10
0032 6 16
0189 9 8
0339 23 17
0419 6 4
0259 20 19
0197 5 13
0250 1 12
0065 1 2
0279 15 17
0278 8 9
0131 10 8
0343 5 7
0090 2 6
0158 7 8
0285 1 2
0044 13 19
0177 10 10
0056 4 5
0400 27 27
0351 20 16
0435 10 13
0338 14 17
0384 12 15
0014 2 5
0325 1 17
0267 5 8
0069 21 24
0125 9 16
0050 20 10
0155 18 12
0161 5 9
0434 16 8
0424 6 9
0216 11 7
0077 2 2
0085 14 5
0437 17 17
0236 17 16
0144 6 20
0407 1 1
0154 14 8
0356 7 11
0219 7 10
0359 5 27
0326 2 2
0129 1 5
0443 6 10
0197 8 12
0100 16 10
0018 1 2
0267 13 18
0418 12 10
0025 22 10
0287 14 15
0025 8 9
0042 15 22
0200 3 13
0254 13 19
0206 5 6
0033 15 16
0211 5 2
0373 3 3
0338 3 8
0026 1 4
0098 14 15
0049 9 7
0183 4 5
0413 21 11
0089 20 19
0424 4 15
0235 7 14
0290 16 5
0436 1 2
0059 4 7
0077 4 4
0316 20 13
0293 22 22
0031 7 6
0348 9 14
0145 1 1
0089 7 5
0281 10 21
0129 16 17
0101 2 4
0128 19 25
0358 12 17
0070 17 4
0387 6 10
0060 5 2
0113 5 5
0006 14 7
0062 10 7
0086 9 14
0203 3 2
0165 19 17
0100 22 8
0221 7 9
0149 2 1
0214 11 3
0341 9 6
0350 2 8
0280 5 8
0340 10 14
0013 18 16
0431 16 13
0427 2 2
0267 16 21
0249 10 28
0338 18 21
0327 15 16
0150 1 21
0094 25 24
0033 9 18
0169 20 27
0266 5 15
0417 13 16
0174 7 21
0323 24 24
0255 12 20
0141 4 5
0396 17 1
0330 3 3
0084 1 1
0102 9 10
0408 2 1
0444 18 22
0264 14 16
0367 5 4
0170 4 3
0245 3 10
0357 9 10
0279 19 24
0444 7 6
0066 29 27
0018 5 6
0276 2 22
0172 18 20
0025 18 14
0162 8 11
0414 2 7
0227 3 28
0255 23 5
0425 25 27
0055 11 5
0190 7 9
0327 13 27
0130 12 10
0444 11 5
0144 25 8
0381 17 6
0293 18 22
0381 4 9
0157 4 1
0275 3 3
0095 13 7
0402 5 15
0044 15 16
0217 15 11
0041 8 2
0318 18 11
0326 12 11
0248 3 1
0402 15 5
0375 16 21
0228 16 15
0385 2 9
0266 10 6
0354 3 5
0042 1 1
0327 10 6
0125 4 8
0323 18 5
0326 8 4
0263 12 24
0051 19 21
0055 15 19
0320 5 6
0444 20 21
0290 13 18
0402 3 2
0094 8 8
0161 11 13
0127 18 15
0060 7 22
0423 9 7
0383 7 1
0304 9 19
0445 17 1
0249 23 25
0285 13 7
0387 11 9
0200 12 14
0033 6 5
0217 9 9
0300 6 5
0032 5 13
0050 5 14
0248 1 3
0194 2 6
0330 7 7
0136 2 13
0021 7 7
0351 8 18
0154 9 11
0296 1 8
0374 2 5
0224 20 2
0420 8 11
0246 5 9
0189 4 9
0331 20 26
0318 15 11
0087 1 1
0086 6 9
0396 2 8
0289 10 8
0360 20 10
0354 9 6
0291 1 1
0137 4 8
0238 11 2
0216 12 10
0253 7 8
0190 3 13
0224 24 2
0076 11 9
0265 16 15
0327 6 16
0272 23 26
0210 2 2
0168 17 21
0287 26 2
0231 4 2
0159 3 4
0152 2 9
0286 11 7
0350 13 17
0411 21 6
0299 1 3
0260 24 21
0438 6 7
0127 15 8
0321 6 23
0125 21 24
0435 23 26
0025 6 8
0396 10 22
0137 12 4
0176 17 19
0366 6 13
0303 6 3
0025 23 17
0444 9 8
0310 5 6
0013 17 13
0195 14 3
0129 4 12
0402 7 6
0025 2 3
0159 13 13
0094 4 4
0422 12 2
0045 1 1
0035 13 3
0107 12 18
0445 14 11
0346 20 19
0289 19 14
0071 5 9
0354 16 12
0072 22 12
0377 10 13
0260 7 16
0368 1 9
0349 7 9
0273 7 9
0217 5 5
0294 3 11
0291 17 21
0097 18 12
0291 11 19
0390 8 14
0443 14 11
0437 13 13
0220 14 14
0201 7 7
0217 3 2
0351 2 2
0349 5 1
0109 8 9
0282 2 3
0375 9 9
0138 5 1
0025 17 19
0246 1 13
0260 18 16
0052 8 7
0070 10 11
0052 13 7
0130 3 6
0148 1 28
0406 12 17
0328 3 11
0345 2 4
0173 10 3
0418 1 18
0163 2 1
0176 10 25
0057 12 17
0128 12 21
0268 18 22
0281 26 24
0157 12 9
0058 18 17
0010 10 14
0274 4 3
0392 1 1
0343 2 6
0264 8 1
0233 16 15
0084 10 9
0351 14 13
0353 2 2
0427 20 3
0059 8 11
0233 15 5
0120 2 9
0226 17 19
0137 17 8
0131 20 4
0296 14 10
0270 1 17
0327 14 19
0391 2 3
0444 24 24
0204 11 17
0287 4 14
0150 6 7
0034 13 10
0096 12 14
0149 11 15
0408 5 2
0288 16 13
0123 4 1
0197 6 2
0192 4 4
0151 5 12
0237 21 24
0211 8 8
0030 9 13
0400 13 26
0098 1 4
0275 10 11
0304 11 12
0049 12 3
0057 14 19
0066 11 4
0139 10 10
0014 11 3
0213 2 3
0293 17 16
0019 7 9
0352 1 3
0349 15 9
0109 18 1
0273 3 5
0276 3 6
0347 3 8
0153 8 12
0006 16 20
0050 13 6
0359 6 17
0360 3 3
0413 20 18
0141 16 17
0443 10 15
0436 20 24
0132 8 2
0258 17 1
0221 2 1
0398 11 12
0354 13 11
0400 15 1
0036 4 1
0039 2 2
0408 3 4
0180 5 7
0260 22 20
0388 19 27
0363 7 11
0375 20 3
0126 4 7
0395 15 24
0339 1 4
0039 6 9
0350 9 2
0107 22 8
0234 4 5
0119 7 2
0012 18 7
0373 1 9
0042 14 19
0169 8 8
0413 7 11
0249 9 3
0100 28 9
0084 16 12
0090 1 11
0111 1 13
0254 3 3
0150 17 17
0165 13 9
0304 21 25
0361 6 16
0141 18 19
0235 4 21
0290 19 18
0442 7 5
0196 5 3
0279 12 15
0272 16 16
0396 4 9
0402 21 6
0231 16 29
0100 17 12
0215 21 8
0163 1 2
0208 2 2
0202 11 14
0440 16 19
0044 6 4
0228 3 2
0322 1 4
0289 11 19
0363 5 13
0126 10 12
0074 7 8
0376 5 2
0387 14 12
0272 17 18
0200 4 13
0399 6 1
0388 11 16
0258 23 14
0208 14 7
0088 9 14
0125 10 16
0237 10 19
0364 4 2
0227 2 17
0434 9 9
0126 6 1
0426 9 17
0445 7 6
0195 2 6
0014 7 15
0307 12 14
0402 19 25
0034 15 17
0146 5 5
0143 8 8
0208 10 24
0032 9 1
0107 10 10
0225 1 6
0014 19 1
0225 11 11
0100 2 18
0131 24 19
0075 16 6
0388 20 11
0334 15 18
0091 8 12
0231 22 27
0149 1 1
0236 20 21
0254 7 11
0233 1 4
0084 25 16
0245 10 22
0430 9 15
0138 7 9
0207 3 2
0259 6 8
0060 19 15
0276 1 13
0420 12 8
0157 1 7
0144 5 4
0162 5 1
0277 19 20
0400 6 25
0051 1 4
0054 5 7
0023 8 3
0321 24 28
0388 15 20
0328 6 19
0114 3 3
0353 17 2
0098 16 15
0244 1 4
0327 8 8
0363 2 3
0166 25 27
0271 5 9
0388 3 19
0347 9 7
0052 6 13
0105 4 12
0176 20 26
0310 9 10
0123 12 9
0051 3 5
0419 18 16
0187 14 8
0122 3 1
0119 26 28
0233 12 21
0313 3 6
0207 1 4
0222 17 14
0381 16 4
0089 6 10
0098 9 12
0222 14 6
0044 14 5
0152 7 1
0367 6 1
0334 5 15
0382 9 3
0312 6 6
0202 7 16
0088 11 18
0254 10 20
0165 3 3
0264 13 16
0114 5 5
0060 10 12
0362 12 14
0445 15 22
0050 4 19
0274 18 26
0258 25 9
0021 14 1
0088 7 9
0040 21 3
0046 1 1
0117 1 1
0104 5 6
0375 10 6
0240 2 5
0380 8 2
0317 2 3
0075 3 15
0031 18 2
0314 17 4
0147 9 1
0254 21 11
0431 6 6
0300 7 1
0374 7 6
0068 20 20
0082 13 12
0143 2 2
0342 9 2
0351 26 25
0390 16 21
0266 13 6
0284 5 7
0287 13 10
0346 12 29
0109 3 5
0245 6 8
0048 11 13
0303 19 13
0229 15 23
0356 15 20
0350 12 24
0040 6 19
0255 7 19
0144 26 17
0318 12 11
0285 10 10
0362 19 28
0359 10 11
0442 14 2
0423 4 6
0048 8 11
0048 23 24
0117 3 7
0421 14 22
0254 18 22
0317 4 5
0304 8 13
0100 23 24
0193 4 3
0140 12 11
0445 18 7
0412 8 16
0413 14 12
0088 1 6
0359 14 6
0156 4 5
0227 4 10
0423 8 1
0236 11 12
0431 4 4
0119 2 15
0361 9 1
0049 1 18
0254 12 3
0076 8 6
0443 3 5
0197 13 3
0221 10 18
0220 9 10
0121 21 16
0157 11 2
0109 5 7
0429 17 24
0303 1 3
0417 7 10
0252 7 5
0198 12 12
0322 14 1
0051 14 13
0087 6 3
0142 9 4
0129 17 5
0095 2 14
0404 7 15
0283 4 21
0064 13 22
0275 27 2
0172 4 25
0445 13 11
0280 13 13
0128 15 19
0444 29 1
0341 4 3
0084 21 19
0093 18 6
0241 9 10
0054 13 15
0374 3 2
0361 11 15
0317 10 2
0438 1 1
0197 15 13
0103 17 20
0012 7 1
0146 4 5
0162 7 21
0010 13 17
0091 9 15
0109 7 9
0336 2 12
0220 16 4
0229 3 19
0284 1 5
0106 14 17
0052 9 7
0310 4 10
0197 3 2
0063 11 16
0395 3 6
0384 2 3
0114 2 13
0200 11 7
0402 16 15
0137 9 9
0410 2 15
0158 5 7
0032 4 2
0234 1 5
0255 1 7
0322 10 19
0443 9 5
0013 12 3
0435 22 1
0272 20 24
0029 4 5
0075 4 12
0231 11 12
0392 2 1
0094 3 23
0031 15 12
0108 6 6
0102 7 10
0281 4 6
0346 17 5
0374 13 12
0302 6 2
0438 3 3
0176 1 1
0007 1 1
0143 4 4
0212 7 7
0014 16 13
0038 9 15
0233 25 23
0037 4 7
0136 12 10
0108 10 3
0403 8 12
0020 16 19
0237 1 18
0331 17 18
0378 6 5
0290 20 18
0015 1 3
0155 3 22
0421 19 27
0073 2 3
0369 16 21
0415 3 16
0059 13 16
0057 13 19
0369 1 12
0445 2 12
0362 3 3
0228 17 15
0066 17 14
0258 20 21
0103 12 19
0217 14 22
0055 14 19
0033 13 13
0089 23 12
0102 1 12
0228 10 1
0299 10 1
0373 2 6
0245 11 12
0443 13 15
0188 4 4
0236 15 14
0069 12 5
0391 9 18
0073 11 15
0325 11 16
0208 5 6
0048 19 21
0172 10 2
0050 14 5
0177 8 10
0240 24 16
0057 5 9
0318 4 3
0377 11 10
0391 13 10
0400 29 19
0359 18 19
0337 9 5
0356 16 5
0137 5 5
0027 2 2
0148 21 29
0083 14 10
0347 4 5
0097 19 11
0059 11 18
0057 15 21
0057 1 2
0267 18 24
0257 2 6
0326 4 1
0150 7 24
0083 20 2
0089 11 3
0101 1 1
0299 8 3
0402 1 20
0246 10 11
0360 2 1
0403 2 10
0377 3 4
0057 20 29
0334 4 7
0315 17 16
0233 21 27
0336 12 6
0425 18 26
0419 21 18
0270 13 6
0357 6 6
0226 7 5
0358 7 9
0235 18 3
0346 9 4
0047 5 16
0260 21 20
0413 18 6
0179 1 1
0123 3 5
0297 9 6
0318 6 5
0371 8 12
0164 21 9
0151 8 14
0399 1 1
0193 19 27
0208 15 7
0276 12 15
0053 4 8
0040 2 9
0438 13 18
0410 11 14
0239 10 9
0434 6 9
0217 23 24
0433 3 1
0318 2 2
0305 4 5
0168 10 16
0260 2 9
0140 2 4
0010 1 2
0331 22 12
0155 1 18
0339 4 8
0111 6 15
0241 17 18
0228 14 5
0339 21 17
0419 4 4
0288 5 11
0310 10 10
0314 1 15
0168 6 21
0383 9 12
0412 4 10
0349 12 5
0336 10 4
0272 3 1
0427 16 7
0047 13 13
0106 6 9
0364 7 7
0296 6 1
0303 22 3
0445 4 3
0057 24 7
0081 7 5
0227 18 14
0102 3 7
0114 17 18
0039 5 5
0406 4 4
0168 25 27
0237 11 21
0425 2 13
0118 13 4
0431 13 4
0126 1 3
0202 19 13
0006 20 13
0064 2 3
0350 23 28
0141 2 1
0389 11 14
0025 14 6
0420 7 10
0043 2 7
0419 2 2
0255 17 4
0363 4 2
0072 19 24
0368 2 6
0432 3 2
0121 9 12
0072 2 1
0395 12 1
0400 10 7
0039 13 15
0217 1 14
0044 17 13
0187 19 2
0176 21 28
0117 14 11
0104 8 6
0253 5 11
0248 9 2
0446 10 16
0148 15 7
0272 13 6
0382 8 5
0109 6 19
0242 17 9
0089 22 23
0275 28 13
0054 4 5
0193 10 13
0202 21 11
0411 17 23
0269 11 11
0363 14 6
0128 2 2
0146 6 9
0041 13 11
0030 2 2
0166 15 3
0038 6 7
0198 13 15
0242 11 13
0055 13 19
0353 18 2
0362 13 12
0432 8 10
0129 13 15
0396 15 15
0022 10 10
0267 3 3
0440 10 4
0272 15 13
0153 3 3
0112 17 7
0163 10 11
0195 3 13
0076 7 7
0078 8 10
0083 6 2
0088 4 6
0050 16 17
0069 7 16
0414 4 13
0034 1 1
0304 18 20
0367 3 4
0182 5 16
0048 22 1
0436 5 4
0283 20 25
0140 1 5
0150 15 16
0331 16 10
0146 8 11
0214 1 14
0278 7 9
0334 19 17
0094 12 5
0040 24 8
0422 4 3
0431 5 5
0127 24 2
0354 1 11
0388 17 10
0103 16 25
0196 13 16
0139 12 16
0412 5 19
0266 14 5
0275 5 10
0328 9 15
0147 10 4
0044 21 9
0404 8 9
0055 3 20
0409 16 12
0431 3 9
0197 17 20
0406 17 18
0053 9 4
0304 3 6
0307 11 3
0055 16 19
0411 7 6
0286 16 13
0358 10 17
0338 9 4
0219 3 7
0286 9 7
0366 2 5
0317 7 2
0120 8 1
0079 1 1
0384 7 15
0196 15 11
0438 8 19
0050 22 20
0234 19 14
0109 4 7
0173 2 2
0247 2 3
0350 15 24
0121 7 6
0194 6 5
0324 4 12
0296 17 18
0020 2 5
0387 13 12
0147 8 6
0119 14 17
0222 3 26
0152 6 10
0423 5 10
0099 4 4
0281 13 5
0069 28 28
0240 15 13
0168 4 1
0196 16 10
0240 21 12
0395 13 5
0322 9 9
0187 18 4
0202 6 7
0351 5 16
0192 6 9
0201 9 2
0412 15 16
0283 9 11
0103 11 23
0236 10 12
0241 8 8
0092 18 12
0172 3 1
0068 19 3
0159 11 11
0004 4 4
0188 1 14
0021 15 22
0190 14 19
0201 5 7
0322 18 12
0396 16 2
0258 21 24
0154 11 15
0381 12 19
0216 14 5
0426 1 1
0246 7 9
0143 5 5
0384 3 3
0038 8 2
0034 3 20
0395 5 16
0230 1 3
0375 1 17
0171 14 19
0410 18 18
0048 3 17
0126 14 11
0411 8 10
0264 10 13
0295 4 1
0060 15 19
0302 7 4
0439 13 8
0323 16 14
0269 19 19
0082 16 16
0069 9 3
0389 5 4
0193 3 4
0322 20 14
0114 10 13
0229 10 6
0342 20 19
0427 12 11
0069 22 4
0292 11 13
0447 7 9
0254 5 2
0122 9 13
0177 7 9
0315 11 14
0312 10 5
0028 2 2
0235 15 15
0107 4 3
0047 16 15
0171 12 17
0057 6 6
0418 16 13
0072 20 4
0140 9 10
0003 1 3
0441 10 12
0421 22 14
0340 4 7
0273 1 9
0167 3 3
0290 28 7
0370 9 5
0197 2 13
0281 28 14
0215 14 14
0230 24 16
0400 18 22
0260 3 4
0019 15 17
0168 22 17
0154 15 11
0275 14 6
0369 6 1
0051 11 11
0375 22 3
0171 18 13
0368 5 9
0208 19 16
0095 7 6
0440 11 15
0325 14 25
0209 1 1
0271 11 11
0233 22 16
0103 9 24
0158 6 3
0226 6 4
0097 3 2
0352 3 3
0050 19 12
0115 6 8
0319 6 6
0377 6 7
0380 24 2
0388 6 7
0326 5 5
0195 6 4
0331 11 16
0339 9 12
0164 25 28
0033 14 3
0344 5 8
0403 1 14
0353 12 14
0176 14 13
0179 4 2
0173 4 10
0086 2 14
0325 12 16
0237 19 19
0339 15 16
0419 20 20
0422 14 13
0394 12 21
0235 21 3
0293 12 1
0417 14 4
0189 12 3
0056 5 7
0208 17 18
0437 1 6
0068 2 24
0435 13 15
0272 19 17
0129 2 8
0277 14 7
0022 7 10
0227 23 14
0230 15 13
0226 8 6
0418 5 16
0229 2 5
0098 3 4
0029 22 21
0165 9 10
0127 3 13
0202 18 19
0057 2 2
0286 3 13
0084 14 11
0413 15 10
0080 3 22
0148 8 8
0219 6 10
0417 12 15
0411 3 9
0233 11 11
0242 4 1
0288 6 11
0042 8 9
0314 14 15
0133 7 11
0073 6 3
0381 9 9
0349 11 5
0193 16 14
0413 9 2
0048 16 25
0421 5 7
0356 4 2
0100 10 10
0414 1 2
0075 8 14
0445 3 3
0121 16 4
0256 8 12
0230 9 11
0249 24 29
0144 7 8
0068 21 14
0301 8 16
0241 7 2
0131 18 5
0121 12 3
0346 7 28
0123 23 14
0066 20 22
0436 12 16
0400 21 15
0032 3 16
0284 3 3
0219 4 8
0346 22 29
0119 9 3
0061 5 6
0362 8 8
0249 13 23
0400 28 28
0112 7 19
0123 19 19
0287 20 1
0109 16 19
0398 7 6
0164 17 3
0148 20 26
0235 17 15
0150 21 5
0340 11 14
0094 13 16
0366 11 10
0290 25 21
0190 10 13
0133 3 5
0402 17 18
0315 18 2
0265 19 16
0230 11 9
0342 1 13
0285 8 5
0235 23 23
0168 24 21
0152 9 13
0164 14 22
0369 8 6
0297 3 4
0089 21 23
0058 10 11
0029 13 15
0144 24 3
0211 2 11
0072 5 12
0445 16 14
0351 6 7
0148 12 4
0340 21 25
0112 22 26
0109 9 20
0033 19 15
0061 7 8
0245 2 2
0291 8 12
0380 1 1
0250 4 6
0181 9 1
0132 2 2
0095 17 6
0149 9 16
0442 16 1
0221 8 13
0149 3 1
0018 2 2
0136 3 2
0154 7 3
0280 4 10
0255 22 3
0363 1 3
0395 24 21
0133 5 7
0224 21 17
0058 8 4
0209 9 9
0094 24 6
0069 8 21
0276 7 5
0080 1 13
0125 14 18
0174 6 13
0416 13 14
0360 14 14
0436 8 21
0060 12 10
0253 6 11
0248 4 3
0144 16 16
0082 11 8
0381 20 14
0220 5 4
0272 8 7
0096 5 6
0422 5 3
0232 2 5
0111 8 14
0275 25 16
0427 5 5
0112 3 23
0313 15 16
0222 23 23
0215 5 5
0095 14 12
0025 19 20
0047 6 11
0411 9 8
0118 12 15
0445 8 11
0351 9 25
0112 15 18
0135 2 2
0331 21 1
0381 18 4
0090 5 22
0222 2 15
0165 1 2
0295 3 5
0033 5 11
0362 10 5
0275 1 1
0168 3 26
0323 23 8
0086 8 19
0438 5 7
0127 8 18
0048 4 26
0084 6 3
0196 8 11
0219 9 14
0101 7 2
0286 10 4
0109 13 16
0425 24 18
0316 3 3
0275 23 18
0067 1 1
0396 12 19
0009 5 8
0030 1 12
0435 20 23
0153 4 16
0287 1 1
0161 2 2
0046 3 1
0382 4 5
0235 2 3
0444 5 11
0430 7 7
0445 11 11
0260 19 15
0150 12 25
0094 20 10
0329 7 6
0351 18 5
0147 7 1
0417 10 18
0286 2 14
0356 9 9
0097 23 10
0168 1 24
0307 4 4
0419 14 16
0442 12 11
0279 13 14
0362 17 25
0019 8 8
0289 15 13
0339 20 8
0176 18 17
0291 2 6
0403 12 14
0381 11 19
0216 15 9
0356 13 20
0390 12 14
0246 4 9
0377 13 6
0333 4 3
0021 2 3
0139 5 5
0074 12 12
0397 2 6
0017 13 4
0396 1 14
0152 5 10
0223 1 5
0155 9 25
0163 7 5
0107 15 22
0049 7 9
0058 14 14
0135 6 6
0100 21 24
0060 27 25
0140 4 10
0193 6 7
0021 12 19
0441 21 11
0329 1 4
0142 5 5
0195 13 10
0166 8 14
0402 8 7
0218 1 3
0230 2 24
0036 13 12
0172 8 16
0391 20 1
0416 6 13
0185 4 8
0019 5 6
0202 3 13
0014 22 9
0260 14 8
0335 9 3
0334 20 14
0022 8 3
0223 3 9
0090 12 8
0301 12 10
0360 21 11
0160 1 3
0415 9 23
0350 8 26
0439 10 14
0186 5 15
0233 8 8
0268 21 14
0093 9 21
0285 14 12
0080 19 9
0210 3 3
0392 6 2
0294 6 2
0116 4 5
0339 22 8
0352 6 5
0106 8 11
0283 19 20
0260 23 11
0375 23 22
0303 18 16
0140 10 8
0014 14 3
0193 21 28
0331 6 5
0010 11 14
0114 7 7
0224 10 15
0218 3 1
0264 9 11
0258 18 17
0348 1 10
0354 14 11
0254 19 11
0318 17 14
0153 13 14
0162 20 3
0115 7 1
0245 9 8
0196 2 5
0029 8 2
0420 4 16
0149 10 13
0354 8 3
0173 7 10
0041 3 3
0249 1 27
0429 13 10
0233 10 10
0227 13 18
0297 8 9
0051 10 11
0066 14 20
0261 3 3
0080 17 11
0406 15 21
0166 18 10
0091 13 3
0176 3 10
0383 3 14
0115 9 10
0171 13 23
0370 4 2
0268 17 20
0261 7 8
0272 18 24
0219 10 15
0259 11 11
0336 8 14
0394 9 10
0238 8 16
0361 7 5
0082 21 22
0315 2 5
0060 3 8
0193 14 6
0162 6 22
0019 2 2
0349 8 3
0217 10 7
0275 15 10
0035 10 4
0247 5 11
0361 3 2
0246 2 3
0369 7 18
0126 9 2
0080 9 14
0441 9 5
0086 5 20
0030 8 13
0331 7 18
0050 8 15
0352 2 1
0434 4 5
0369 3 4
0169 15 20
0387 5 19
0193 12 13
0219 8 13
0346 2 24
0259 9 5
0349 6 6
0239 5 9
0036 7 6
0375 14 18
0393 14 16
0053 12 16
0361 1 7
0115 3 5
0429 6 10
0155 16 17
0318 10 10
0063 9 15
0314 15 15
0317 15 14
0082 6 5
0268 10 16
0403 4 6
0163 3 8
0144 2 26
0233 6 6
0316 9 10
0310 2 2
0297 4 5
0042 13 16
0394 2 9
0391 5 6
0440 8 3
0114 9 10
0348 7 5
0142 16 19
0172 12 3
0359 1 10
0174 11 5
0360 4 4
0029 2 5
0232 1 17
0151 6 16
0430 5 13
0034 12 15
0389 9 14
0351 3 1
0107 13 6
0227 11 11
0051 8 2
0296 9 12
0362 1 1
0376 8 11
0402 9 7
0189 18 6
0095 4 15
0411 10 10
0271 8 2
0277 7 3
0017 4 14
0172 14 4
0089 24 16
0051 4 5
0435 8 11
0009 10 11
0380 10 8
0350 10 2
0362 20 19
0301 9 16
0169 11 24
0168 8 16
0020 5 17
0415 18 25
0287 17 10
0103 8 8
0353 9 6
0287 8 6
0390 19 20
0443 1 1
0075 17 12
0402 4 3
0068 1 1
0376 6 9
0438 16 3
0259 1 6
0285 5 2
0220 4 5
0272 1 1
0233 2 2
0052 7 11
0006 4 17
0169 9 1
0181 12 8
0130 10 4
0376 12 21
0255 8 13
0144 21 19
0057 26 3
0271 2 3
0009 4 5
0036 5 13
0080 2 13
0142 12 15
0243 5 7
0047 9 17
0162 4 1
0304 20 16
0423 7 11
0063 5 13
0231 26 28
0040 13 16
0259 3 3
0312 7 6
0094 21 3
0227 22 26
0398 4 15
0164 18 10
0400 12 14
0265 13 12
0112 21 26
0283 5 15
0227 7 7
0061 8 8
0105 3 10
0297 6 8
0111 11 12
0169 1 23
0087 12 16
0047 18 17
0133 2 10
0186 12 5
0391 11 15
0440 6 8
0150 9 11
0137 1 6
0221 9 15
0320 7 8
0328 11 15
0284 4 4
0100 13 14
0040 22 1
0164 15 13
0226 18 7
0423 13 6
0400 7 20
0281 17 23
0069 24 26
0326 10 7
0386 3 2
0264 1 12
0351 1 14
0335 16 4
0356 5 14
0393 10 13
0358 3 6
0410 23 11
0232 5 8
0241 12 14
0250 5 13
0303 14 12
0421 15 21
0417 24 21
0224 16 20
0082 10 8
0286 5 14
0429 14 2
0296 3 6
0199 4 6
0376 2 13
0040 7 21
0129 15 11
0411 11 9
0333 1 5
0093 4 5
0400 22 25
0080 8 13
0144 4 5
0280 1 8
0227 1 6
0010 3 5
0437 4 17
0076 5 3
0442 9 4
0074 15 19
0129 18 8
0088 12 21
0070 7 2
0224 15 11
0152 4 7
0410 3 4
0182 7 16
0411 23 4
0308 2 2
0438 4 5
0382 10 1
0082 12 10
0082 22 7
0084 5 1
0351 27 25
0240 26 16
0233 28 21
0048 10 13
0108 7 9
0187 15 17
0178 14 13
0426 15 13
0320 8 17
0013 5 14
0385 6 3
0338 7 1
0337 2 9
0212 11 10
0294 5 6
0430 12 16
0247 6 8
0299 5 2
0298 10 10
0060 20 25
0009 2 3
0421 18 8
0322 24 22
0025 10 25
0162 10 11
0230 3 22
0108 15 19
0244 6 7
0041 4 2
0426 13 4
0415 10 20
0425 8 12
0437 11 11
0274 21 29
0143 1 2
0260 15 10
0409 5 1
0294 4 6
0286 7 6
0155 4 5
0188 2 11
0122 4 10
0012 21 17
0298 8 7
0429 3 19
0185 7 7
0148 5 5
0331 18 24
0117 19 19
0268 22 12
0314 16 13
0341 1 2
0088 2 13
0233 26 26
0193 20 23
0276 11 11
0281 15 13
0029 16 21
0293 10 12
0319 2 4
0188 3 7
0140 11 10
0164 22 25
0394 5 15
0214 3 3
0397 7 7
0014 15 11
0029 3 7
0023 2 13
0200 8 6
0148 22 16
0243 1 1
0361 4 3
0370 7 9
0387 18 15
0072 28 28
0395 22 18
0221 13 18
0395 28 5
0258 14 16
0081 1 1
0166 23 25
0038 14 9
0340 12 15
0100 1 11
0118 9 16
0236 12 1
0235 9 9
0293 8 7
0346 18 20
0289 17 7
0180 1 7
0049 6 6
0233 9 8
0204 12 16
0251 1 3
0342 14 12
0270 3 6
0368 7 14
0332 4 7
0341 3 4
0440 13 15
0082 7 16
0031 8 7
0351 10 2
0178 12 5
0008 1 1
0387 20 18
0149 6 19
0417 21 27
0029 5 5
0029 15 14
0228 18 13
0237 13 14
0321 23 13
0336 3 1
0193 18 24
0217 13 26
0102 6 8
0060 13 15
0365 5 9
0044 4 16
0068 25 18
0395 20 16
0314 10 13
0435 19 26
0142 2 6
0132 10 8
0120 3 3
0177 1 7
0131 15 16
0303 3 12
0394 10 17
0220 3 15
0172 11 2
0125 2 21
0426 5 7
0366 13 14
0187 6 4
0006 13 16
0186 9 12
0020 14 16
0406 14 19
0072 15 1
0392 3 4
0239 6 12
0283 17 17
0101 9 9
0290 4 11
0240 9 9
0183 3 5
0179 8 5
0168 13 26
0331 5 1
0259 8 9
0085 11 3
0009 9 16
0394 8 14
0418 7 7
0415 14 14
0350 11 19
0172 19 12
0228 9 5
0115 2 1
0438 12 13
0245 18 11
0233 5 16
0291 14 12
0226 19 21
0060 2 8
0069 13 5
0442 5 3
0323 7 8
0376 11 1
0396 6 3
0094 6 5
0226 14 16
0418 11 2
0289 7 8
0052 12 15
0360 9 7
0373 7 9
0075 10 14
0368 3 9
0053 16 16
0074 5 6
0186 11 14
0337 10 1
0094 2 2
0146 1 12
0437 10 5
0235 11 9
0069 20 22
0175 5 6
0317 13 13
0298 2 2
0416 3 2
0316 14 5
0418 20 23
0240 6 18
0068 8 6
0139 8 4
0331 3 3
0237 17 18
0442 18 19
0211 12 2
0036 6 2
0252 10 16
0227 10 11
0189 10 12
0245 20 13
0179 2 6
0306 2 12
0381 1 3
0012 8 11
0119 18 17
0322 26 6
0323 22 24
0091 10 10
0268 3 1
0022 5 3
0009 13 6
0389 12 19
0114 16 17
0080 15 23
0408 1 2
0040 5 10
0117 11 11
0381 5 12
0056 3 3
0125 23 24
0205 6 5
0325 8 4
0222 21 14
0267 2 20
0406 5 8
0410 16 15
0245 12 7
0378 7 9
0418 22 25
0436 2 4
0012 16 13
0231 18 24
0277 4 6
0389 10 14
0093 10 11
0169 21 10
0042 10 9
0119 16 19
0376 7 13
0268 1 3
0321 25 28
0272 2 1
0144 15 20
0097 9 9
0182 6 2
0056 1 1
0130 11 2
0252 3 12
0269 6 6
0023 4 4
0269 16 13
0092 17 9
0075 7 15
0436 19 22
0202 1 19
0083 11 8
0412 6 6
0347 1 1
0044 18 16
0237 2 2
0106 3 1
0434 11 15
0281 24 13
0253 4 11
0059 5 13
0080 16 19
0304 4 11
0391 12 23
0331 15 15
0051 24 16
0131 11 15
0441 25 10
0403 5 9
0272 10 23
0219 2 8
0290 14 6
0265 12 14
0359 8 19
0358 5 4
0072 18 22
0371 9 13
0017 22 21
0387 3 15
0425 13 17
0396 8 9
0150 14 11
0144 13 22
0331 2 11
0049 8 8
0276 18 17
0080 18 20
0343 4 5
0212 5 4
0075 5 9
0144 3 14
0237 4 4
0355 3 4
0301 2 3
0036 11 12
0187 10 3
0071 6 10
0266 18 4
0198 14 16
0092 12 4
0216 4 12
0020 9 10
0038 1 3
0286 8 8
0297 7 8
0421 8 13
0243 12 3
0068 6 5
0064 5 21
0071 10 17
0042 19 23
0272 14 13
0281 1 14
0350 5 11
0159 8 9
0049 10 10
0236 1 3
0239 9 6
0254 25 24
0042 2 26
0053 8 8
0003 3 1
0222 19 8
0276 5 5
0285 2 16
0329 5 6
0242 18 15
0288 8 13
0168 5 11
0439 2 1
0112 5 8
0326 15 13
0176 7 11
0085 5 9
0068 24 16
0267 8 8
0261 9 10
0270 8 7
0435 24 18
0260 10 18
0020 15 12
0038 3 1
0340 9 11
0444 8 13
0246 16 4
0017 18 17
0440 3 14
0070 5 4
0203 12 2
0031 14 2
0149 13 18
0114 24 25
0094 11 20
0396 5 9
0164 12 1
0234 13 21
0205 14 13
0040 12 15
0435 3 3
0014 3 16
0269 12 12
0176 15 21
0197 9 2
0060 21 21
0050 21 14
0249 16 23
0169 17 25
0166 14 14
0222 10 14
0019 12 11
0277 9 14
0108 2 6
0182 8 1
0381 7 16
0244 7 7
0308 1 2
0326 9 11
0313 1 6
0131 5 5
0337 7 2
0234 18 4
0034 6 4
0292 7 8
0286 4 4
0413 22 7
0363 15 14
0160 3 3
0423 12 16
0421 12 9
0012 22 17
0411 16 23
0265 21 20
0262 2 1
0009 7 8
0441 19 5
0098 11 11
0128 18 9
0171 16 4
0072 10 26
0103 4 16
0363 11 3
0281 14 9
0035 12 15
0243 4 2
0317 6 3
0326 17 13
0051 20 5
0081 8 9
0078 7 4
0205 1 14
0441 15 10
0103 2 4
0400 14 21
0375 4 6
0107 5 8
0181 7 7
0243 2 15
0344 3 3
0215 11 12
0121 23 18
0316 18 22
0041 7 8
0230 4 2
0093 22 21
0111 2 6
0197 18 19
0166 7 22
0196 17 11
0121 2 2
0033 20 18
0203 8 6
0130 7 8
0396 7 10
0025 3 1
0209 6 9
0072 21 15
0276 10 9
0169 2 7
0427 11 2
0397 9 6
0064 11 18
0176 5 2
0176 11 17
0060 25 25
0417 20 27
0269 1 9
0268 2 17
0033 3 3
0036 3 4
0063 4 12
0353 11 21
0359 3 27
0224 19 7
0370 6 7
0049 13 18
0185 6 8
0082 19 22
0072 27 28
0215 9 10
0400 19 22
0025 1 6
0099 5 5
0089 17 3
0408 6 4
0044 3 6
0217 25 26
0072 23 11
0134 1 1
0122 8 13
0190 13 9
0196 6 20
0272 22 21
0259 15 4
0392 4 6
0274 13 17
0009 12 15
0351 11 6
0435 7 24
0426 6 4
0064 9 16
0170 8 8
0070 15 5
0072 29 19
0321 9 5
0140 8 8
0324 5 2
0220 15 17
0011 2 2
0025 7 19
0289 9 20
0108 4 12
0089 9 9
0054 9 7
0356 3 5
0225 4 4
0029 23 22
0346 19 27
0168 27 12
0177 12 11
0125 7 10
0224 7 12
0058 6 1
0382 3 5
0319 5 7
0013 8 9
0128 16 14
0354 10 7
0365 3 2
0290 3 6
0231 2 28
0093 13 15
0205 3 7
0340 15 19
0274 5 4
0285 3 11
0421 6 26
0062 3 13
0304 10 8
0298 3 4
0269 20 20
0189 15 10
0418 21 23
0020 1 11
0316 16 15
0073 3 13
0085 12 13
0425 22 27
0108 16 11
0380 7 17
0356 1 7
0264 7 13
0410 19 4
0438 18 19
0443 11 9
0130 2 5
0391 1 3
0398 9 9
0349 10 7
0354 12 5
0352 4 4
0078 3 9
0388 7 14
0269 3 6
0350 19 2
0311 13 14
0031 13 13
0038 16 1
0226 1 21
0415 7 16
0242 3 2
0431 17 9
0395 27 8
0377 1 1
0417 18 29
0142 11 20
0291 13 18
0214 8 11
0350 21 18
0346 4 24
0072 8 2
0280 11 5
0068 28 26
0061 4 6
0179 3 2
0281 25 20
0092 14 14
0236 13 10
0091 11 6
0212 12 11
0164 4 16
0275 11 12
0050 18 13
0311 11 14
0292 12 7
0212 3 7
0240 7 9
0053 19 22
0139 11 13
0121 17 2
0210 11 9
0204 4 3
0256 1 3
0231 15 15
0348 5 5
0217 2 4
0394 11 7
0150 22 20
0370 10 10
0242 5 4
0127 6 7
0253 3 11
0040 15 20
0238 3 3
0379 6 8
0023 11 7
0203 7 3
0231 19 24
0066 23 20
0107 14 22
0216 7 8
0442 11 16
0153 5 4
0222 9 21
0150 18 17
0174 15 17
0052 3 22
0259 16 17
0051 6 14
0104 12 13
0181 8 7
0368 8 15
0186 10 1
0396 9 13
0287 21 1
0233 17 27
0404 5 8
0230 14 12
0286 18 9
0226 11 13
0020 18 2
0098 2 5
0284 6 8
0047 3 3
0182 1 2
0442 2 17
0243 13 14
0133 4 1
0304 7 6
0058 9 8
0076 1 5
0231 13 17
0137 3 3
0022 2 4
0140 3 4
0110 8 7
0136 10 6
0385 4 10
0102 13 13
0291 18 11
0394 7 16
0365 10 12
0374 11 15
0038 12 19
0362 9 5
0320 12 20
0085 2 3
0140 7 11
0123 22 21
0136 6 3
0420 5 4
0052 1 20
0395 29 24
0334 2 1
0381 23 20
0030 4 14
0042 16 23
0142 18 6
0095 9 8
0280 3 4
0425 19 14
0123 13 11
0193 8 16
0122 2 3
0411 19 28
0192 11 8
0255 14 21
0081 3 13
0276 8 20
0426 16 14
0295 2 11
0288 3 6
0033 4 13
0293 5 19
0129 3 8
0095 16 15
0331 10 11
0066 27 24
0250 20 18
0018 3 3
0445 19 22
0166 9 1
0246 8 10
0283 3 11
0109 2 5
0227 5 3
0096 4 12
0357 11 10
0051 2 10
0126 7 11
0420 2 7
0202 17 17
0240 11 23
0209 8 12
0348 11 16
0083 8 1
0017 2 22
0152 8 12
0230 5 11
0123 11 9
0041 14 7
0421 13 16
0186 2 2
0231 17 21
0060 22 21
0273 10 6
0214 7 5
0220 12 8
0393 4 5
0147 6 7
0301 5 7
0439 3 3
0197 12 15
0393 12 15
0395 10 8
0380 20 19
0217 19 3
0164 5 19
0309 5 5
0421 11 9
0050 9 19
0233 13 18
0260 20 11
0316 2 6
0072 24 29
0222 16 17
0203 13 6
0315 7 14
0021 1 1
0435 21 19
0064 17 22
0406 10 12
0359 11 13
0410 1 1
0046 2 1
0178 8 7
0356 2 21
0374 4 3
0307 9 1
0321 26 14
0203 9 3
0364 6 8
0193 5 5
0136 4 12
0020 8 5
0365 4 6
0029 1 7
0346 13 18
0038 10 9
0289 12 18
0421 9 6
0375 13 13
0172 9 20
0314 7 14
0420 10 14
0034 20 24
0206 7 8
0221 11 18
0092 7 4
0335 8 9
0156 1 3
0100 3 11
0292 6 8
0037 1 5
0047 12 12
0093 21 21
0415 8 21
0180 3 7
0066 25 8
0389 7 7
0323 9 5
0400 24 8
0098 10 13
0144 22 12
0340 20 23
0128 17 23
0346 5 4
0048 20 26
0182 9 10
0235 1 1
0353 4 3
0415 12 24
0431 8 10
0390 5 4
0437 9 10
0060 26 25
0187 16 2
0329 2 2
0277 8 17
0398 1 1
0260 12 11
0334 13 8
0254 16 9
0174 20 9
0425 10 12
0245 8 12
0117 17 18
0445 25 24
0151 3 3
0073 8 9
0092 20 19
0430 6 10
0408 7 6
0234 12 14
0302 9 4
0426 3 7
0054 8 12
0264 12 2
0425 17 13
0300 4 8
0216 18 7
0427 8 2
0042 11 19
0283 16 18
0307 5 5
0312 1 7
0094 19 12
0429 7 6
0193 1 1
0193 11 18
0351 23 1
0020 12 9
0278 3 2
0415 17 2
0224 9 11
0369 19 22
0030 11 16
0163 8 7
0278 18 23
0439 5 9
0224 18 5
0227 14 17
0438 2 1
0307 1 2
0443 12 3
0063 10 15
0012 4 1
0021 3 14
0214 9 2
0334 17 10
0392 7 11
0360 18 13
0168 2 6
0240 19 15
0260 8 9
0075 12 14
0093 12 15
0338 13 5
0189 17 19
0138 1 5
0256 6 7
0402 11 12
0277 12 1
0107 8 16
0177 11 5
0171 10 19
0438 10 11
0048 15 17
0231 25 29
0340 6 9
0230 22 9
0082 3 4
0034 11 15
0425 21 27
0136 13 9
0225 5 4
0444 15 13
0310 7 7
0369 14 19
0333 7 8
0261 2 2
0053 7 11
0151 13 12
0209 7 6
0114 14 21
0227 24 29
0350 7 20
0119 3 3
0280 10 12
0029 11 10
0310 3 10
0126 8 12
0318 7 5
0333 11 5
0323 3 3
0085 9 2
0409 1 12
0035 7 7
0328 14 20
0415 6 18
0302 1 7
0388 21 28
0390 4 7
0375 24 24
0136 18 5
0205 8 4
0442 1 1
0343 6 8
0336 15 15
0425 23 29
0136 11 15
0395 2 1
0280 12 5
0180 7 8
0006 8 18
0198 11 13
0310 1 1
0057 4 22
0169 4 21
0122 11 4
0249 19 25
0074 3 15
0390 1 21
0283 1 26
0165 16 13
0027 5 7
0290 23 25
0422 8 11
0235 25 22
0359 2 9
0084 27 24
0232 4 20
0134 12 15
0069 3 2
0376 15 21
0444 26 2
0435 1 26
0219 11 18
0155 2 19
0158 2 3
0145 4 4
0303 4 13
0169 19 4
0328 12 18
0162 3 9
0189 8 9
0205 10 6
0260 1 3
0166 19 20
0114 23 24
0072 7 2
0136 9 13
0211 10 6
0357 5 11
0216 8 10
0412 7 6
0048 1 1
0117 9 10
0306 4 12
0296 8 6
0015 4 4
0432 5 7
0138 3 8
0202 13 22
0350 16 8
0323 2 15
0310 15 6
0369 12 15
0372 2 2
0342 4 5
0432 1 10
0002 2 2
0440 15 18
0334 11 7
0389 8 7
0066 24 20
0418 9 16
0035 3 3
0222 12 10
0125 12 12
0414 11 11
0204 14 18
0306 3 1
0048 9 23
0375 28 28
0192 10 1
0058 16 2
0141 3 3
0057 21 26
0136 7 3
0089 14 22
0350 1 27
0168 20 6
0096 7 8
0176 8 27
0288 2 11
0119 22 23
0121 10 8
0198 6 8
0022 1 1
0301 7 16
0097 6 8
0348 12 5
0042 17 23
0374 14 20
0064 8 22
0059 7 11
0118 2 1
0236 3 3
0061 11 1
0117 21 8
0281 16 17
0127 21 18
0248 8 2
0382 13 2
0271 3 7
0081 2 1
0338 4 20
0224 2 3
0239 17 14
0239 15 11
0126 2 3
0121 8 3
0174 17 18
0207 5 7
0203 2 7
0346 8 7
0155 10 18
0419 16 21
0413 11 15
0400 11 8
0053 3 20
0188 5 17
0249 3 4
0125 5 22
0263 1 7
0150 8 7
0022 3 3
0268 19 12
0142 13 6
0328 10 11
0147 13 2
0224 4 24
0435 18 15
0217 12 12
0131 16 12
0299 6 8
0186 3 4
0255 15 23
0440 1 1
0085 1 10
0084 2 2
0348 8 15
0214 4 5
0287 7 20
0264 15 17
0242 8 8
0357 8 7
0036 9 12
0048 21 11
0381 15 5
0120 9 9
0443 5 13
0202 15 13
0066 15 12
0193 15 25
0181 13 1
0267 17 24
0373 6 2
0121 6 4
0285 7 6
0414 5 10
0426 17 21
0321 16 27
0127 19 7
0437 5 17
0123 8 7
0438 14 13
0062 11 3
0323 25 21
0127 10 13
0268 15 6
0206 2 6
0196 10 8
0014 24 6
0224 14 15
0066 13 23
0092 19 18
0376 3 16
0198 10 14
0013 2 1
0066 28 26
0074 8 7
0083 1 9
0156 2 3
0055 2 19
0310 11 11
0243 8 5
0052 11 11
0263 5 11
0277 6 20
0274 22 12
0134 5 7
0021 8 16
0008 4 2
0412 10 19
0406 3 5
0144 1 3
0144 23 14
0426 19 23
0137 15 17
0431 12 11
0236 5 5
0054 1 6
0305 3 8
0296 12 4
0269 14 12
0387 25 20
0288 17 18
0268 13 4
0142 19 10
0210 5 8
0278 6 2
0321 20 13
0034 14 16
0033 1 11
0157 16 11
0244 5 3
0063 6 8
0327 12 15
0097 17 20
0234 3 16
0420 9 14
0323 19 8
0254 14 3
0117 16 16
0131 3 5
0280 7 12
0221 12 18
0333 2 2
0320 4 7
0092 6 4
0278 2 7
0400 4 11
0366 1 5
0418 4 10
0362 2 2
0391 18 25
0263 11 9
0057 9 15
0022 9 9
0009 1 8
0003 4 4
0028 3 4
0440 4 3
0241 15 13
0054 3 4
0306 9 7
0284 2 6
0189 1 3
0387 23 22
0312 2 7
0403 7 8
0406 7 19
0229 16 11
0147 3 1
0237 12 14
0409 19 9
0055 8 15
0060 14 13
0042 22 28
0293 15 19
0068 26 22
0255 5 10
0179 9 6
0327 3 8
0038 15 21
0351 28 25
0039 14 13
0384 4 6
0324 9 14
0094 5 5
0100 30 8
0401 1 1
0406 6 8
0105 2 13
0127 17 8
0117 5 6
0197 20 23
0047 11 9
0040 10 2
0186 7 9
0052 15 15
0354 17 13
0185 2 1
0384 11 15
0368 6 13
0164 23 28
0395 25 10
0083 3 9
0201 10 7
0189 16 19
0393 7 8
0328 2 3
0256 7 7
0130 6 8
0064 20 29
0258 16 18
0236 9 9
0217 4 4
0048 17 24
0216 17 5
0353 7 7
0424 1 1
0029 19 19
0302 4 1
0387 21 16
0194 7 7
0205 5 8
0444 27 27
0166 20 22
0029 6 1
0044 20 9
0218 5 3
0103 6 2
0425 20 27
0403 10 13
0153 21 15
0122 7 17
0327 16 19
0162 22 1
0283 23 6
0429 4 20
0409 20 16
0418 23 26
0012 11 3
0279 9 11
0397 4 5
0092 10 8
0038 11 7
0097 8 12
0340 1 1
0277 18 18
0339 14 22
0220 20 14
0300 3 9
0296 16 9
0287 10 19
0429 16 12
0070 13 14
0137 20 18
0197 7 4
0436 9 11
0342 11 12
0087 8 7
0142 7 12
0338 12 7
0084 11 8
0217 6 6
0089 15 12
0230 17 2
0119 6 14
0069 4 21
0327 9 16
0092 4 17
0014 10 3
0351 19 16
0154 12 14
0415 15 8
0228 8 13
0176 13 7
0061 2 6
0446 3 4
0080 14 18
0380 3 13
0335 3 1
0387 28 12
0034 4 21
0123 15 12
0390 6 6
0427 9 21
0421 4 3
0161 4 5
0293 13 15
0411 24 29
0411 6 24
0431 11 11
0432 4 10
0138 2 1
0256 3 3
0200 5 3
0337 11 1
0149 8 1
0338 1 18
0318 19 17
0153 6 6
0311 9 3
0425 5 9
0194 11 11
0321 3 26
0191 2 2
0412 16 25
0014 18 16
0326 6 13
0096 11 13
0258 24 19
0167 4 1
0375 12 12
0153 17 11
0415 13 6
0259 18 13
0117 8 8
0121 3 13
0122 10 12
0195 11 6
0144 17 1
0331 12 26
0131 8 18
0193 17 22
0267 7 9
0211 9 5
0114 19 21
0226 9 1
0387 12 20
0388 10 14
0377 7 4
0006 6 5
0190 11 13
0243 15 14
0207 2 6
0066 19 15
0230 8 5
0329 8 10
0400 8 8
0154 6 10
0054 11 12
0340 18 24
0125 13 17
0377 9 16
0305 6 9
0313 16 13
0029 12 11
0440 7 10
0072 6 6
0221 3 4
0258 26 21
0230 20 6
0148 23 11
0110 3 1
0244 3 4
0066 8 14
0168 14 8
0320 10 13
0314 3 7
0195 9 8
0260 4 2
0263 2 5
0159 4 12
0339 8 16
0281 6 8
0240 28 7
0114 4 22
0431 15 15
0322 3 5
0393 17 1
0268 4 4
0221 1 21
0281 2 3
0165 14 10
0286 13 9
0189 11 13
0255 21 12
0239 14 11
0434 10 11
0012 15 12
0073 7 8
0340 5 14
0274 15 3
0395 14 14
0221 5 6
0255 24 22
0351 7 1
0095 11 10
0135 3 12
0228 2 3
0168 19 6
0118 1 4
0409 12 8
0234 17 7
0255 10 8
0304 15 18
0138 4 10
0185 9 9
0441 23 10
0162 2 6
0094 14 18
0289 14 4
0410 13 15
0236 2 1
0243 11 10
0058 17 9
0086 13 16
0058 11 8
