0297 10 10
0020 12 14
0134 3 4
0066 29 27
0439 6 4
0391 14 15
0136 1 13
0153 8 8
0425 27 30
0100 7 2
0409 20 16
0197 6 14
0050 9 2
0375 28 28
0406 17 11
0208 6 21
0169 11 28
0396 18 29
0079 2 2
0047 5 4
0310 8 8
0168 27 29
0053 19 15
0215 3 20
0032 14 19
0068 28 26
0130 12 10
0088 11 19
0040 19 5
0200 2 12
0017 19 18
0176 10 16
0400 18 18
0286 8 15
0125 26 25
0203 13 1
0173 10 8
0278 14 16
0136 15 6
0289 11 16
0222 22 5
0029 14 2
0197 15 14
0322 6 23
0400 11 18
0196 21 20
0215 21 20
0090 10 17
0250 21 3
0265 10 5
0090 7 22
0321 28 30
0140 12 11
0402 12 24
0196 17 6
0283 3 9
0303 10 18
0204 5 4
0013 24 21
0081 12 14
0066 3 3
0436 5 6
0163 2 2
0435 7 22
0021 17 18
0070 4 3
0270 8 10
0129 4 6
0102 4 6
0086 10 18
0254 14 14
0103 15 24
0393 11 14
0189 3 4
0387 26 2
0269 5 4
0089 18 4
0425 9 4
0111 1 1
0006 4 4
0239 6 5
0405 8 9
0042 10 10
0233 1 25
0418 11 15
0389 2 2
0182 15 9
0360 16 8
0203 17 9
0121 21 16
0114 17 18
0057 26 25
0278 2 20
0287 25 9
0180 7 8
0238 2 1
0430 7 17
0304 2 18
0260 17 5
0255 7 11
0388 9 13
0222 9 5
0237 17 18
0229 1 15
0033 5 4
0289 19 23
0318 13 9
0100 16 16
0061 11 9
0430 5 5
0376 17 22
0182 17 7
0153 10 10
0232 6 12
0181 13 14
0044 15 12
0138 2 6
0315 18 22
0342 20 19
0356 16 21
0028 5 5
0129 8 6
0320 19 13
0136 18 15
0057 13 8
0314 17 15
0084 11 24
0447 7 9
0303 7 14
0275 25 6
0163 5 10
0108 21 24
0086 12 2
0224 7 2
0041 7 5
0203 3 1
0319 7 8
0013 7 5
0421 17 5
0346 11 2
0151 13 17
0323 26 6
0165 21 18
0280 13 13
0018 5 7
0283 24 27
0281 12 12
0325 1 18
0150 14 29
0200 12 14
0102 15 14
0239 10 5
0005 2 2
0168 16 18
0100 14 29
0088 14 22
0196 6 17
0415 18 25
0227 25 30
0434 11 12
0444 18 18
0316 10 3
0255 13 7
0037 4 6
0239 12 10
0423 3 4
0080 13 4
0281 28 25
0070 6 5
0248 10 13
0103 9 9
0258 15 17
0362 22 29
0348 8 7
0135 7 12
0296 17 18
0290 13 16
0151 11 5
0346 14 2
0049 7 7
0429 6 18
0055 22 27
0321 23 3
0217 26 5
0031 12 12
0430 12 16
0254 25 26
0203 15 1
0025 26 27
0420 11 15
0123 18 18
0136 10 6
0118 13 16
0275 9 10
0259 9 5
0251 6 7
0275 14 14
0025 10 13
0295 2 2
0036 10 5
0095 17 16
0334 5 13
0333 11 10
0217 5 27
0183 5 6
0275 29 22
0203 6 1
0315 14 16
0199 4 3
0034 6 7
0070 18 16
0353 18 22
0129 15 6
0019 15 17
0259 20 23
0240 22 7
0106 14 17
0159 10 10
0157 18 23
0153 4 4
0229 20 27
0387 3 4
0107 22 13
0150 21 15
0318 17 9
0053 18 2
0063 11 16
0230 7 7
0207 7 8
0122 3 4
0096 4 5
0377 13 17
0152 8 13
0274 23 30
0420 8 3
0181 2 2
0332 6 8
0374 17 23
0146 11 13
0038 16 14
0344 6 9
0425 22 30
0361 10 9
0076 11 9
0069 21 12
0090 13 17
0320 21 21
0201 12 9
0316 9 10
0310 2 2
0297 4 5
0406 9 22
0033 8 4
0320 17 3
0438 8 17
0194 12 12
0048 16 18
0125 1 1
0381 23 20
0122 16 27
0164 25 4
0283 9 9
0253 13 12
0230 18 3
0246 16 2
0175 1 1
0366 11 8
0353 6 6
0107 4 4
0053 21 12
0161 14 16
0434 17 20
0112 23 27
0334 9 13
0017 10 10
0330 2 2
0134 6 4
0421 2 2
0402 11 12
0204 14 10
0073 15 18
0051 24 24
0004 2 2
0216 18 15
0218 5 4
0431 17 16
0247 7 15
0236 7 7
0426 9 10
0336 2 4
0147 13 9
0233 23 25
0330 1 1
0178 14 17
0326 17 14
0351 16 3
0109 6 7
0068 17 18
0098 18 22
0006 17 14
0126 15 14
0033 12 6
0209 10 15
0119 20 22
0234 19 1
0208 20 24
0395 28 16
0318 10 9
0149 3 4
0285 6 12
0206 11 9
0009 11 13
0428 6 7
0267 17 15
0348 18 22
0256 8 13
0243 16 16
0382 13 16
0082 22 2
0235 26 30
0324 11 13
0001 2 2
0085 14 14
0413 3 19
0442 19 20
0148 10 6
0014 21 8
0394 12 21
0444 24 2
0162 3 4
0178 12 14
0214 14 14
0211 12 12
0112 8 1
0064 11 7
0371 9 13
0120 7 7
0267 7 5
0266 16 10
0173 13 12
0059 16 19
0395 10 16
0125 13 17
0274 12 15
0109 13 4
0174 7 8
0089 11 4
0197 2 14
0391 3 4
0236 22 22
0048 24 27
0025 3 4
0427 20 22
0279 8 10
0277 4 7
0195 18 17
0375 26 23
0381 5 10
0389 14 17
0400 3 9
0268 7 7
0303 17 14
0316 12 5
0253 10 3
0006 11 14
0189 7 4
0422 6 5
0014 24 17
0307 14 17
0208 11 4
0009 13 16
0098 12 5
0413 14 14
0315 2 3
0419 21 21
0286 19 15
0238 12 8
0260 14 5
0012 11 5
0413 18 19
0102 3 5
0117 19 7
0120 9 10
0055 20 1
0148 6 6
0100 9 2
0426 21 24
0419 10 4
0278 16 20
0150 27 29
0336 10 4
0099 3 3
0416 17 15
0192 4 5
0421 13 5
0271 11 11
0119 23 22
0405 2 4
0375 10 13
0391 11 12
0116 2 2
0430 13 9
0384 13 16
0114 22 11
0388 7 3
0291 18 24
0220 5 6
0069 12 5
0398 14 16
0074 17 20
0325 6 18
0420 2 2
0110 8 7
0154 13 15
0081 3 4
0258 26 25
0034 9 7
0061 3 4
0230 5 3
0444 21 12
0420 12 7
0117 2 3
0103 10 3
0025 27 27
0112 2 3
0281 6 12
0328 13 17
0357 9 8
0230 12 7
0148 24 18
0430 3 14
0420 4 3
0012 10 6
0325 14 18
0316 16 24
0169 9 9
0084 19 17
0359 15 15
0438 3 4
0172 2 12
0388 14 3
0426 2 2
0435 9 12
0304 7 12
0066 12 3
0303 22 18
0401 8 13
0119 12 14
0389 17 22
0055 9 9
0361 2 6
0131 12 4
0196 8 6
0268 17 7
0071 10 17
0273 11 12
0445 21 19
0295 8 10
0422 13 11
0435 21 12
0127 26 24
0309 5 5
0338 17 21
0425 4 4
0435 1 22
0381 3 11
0235 17 16
0328 15 16
0074 8 14
0108 1 22
0335 17 16
0416 15 6
0100 17 17
0019 3 3
0389 1 12
0351 29 23
0249 24 29
0056 6 9
0182 7 15
0338 18 17
0224 27 26
0187 19 18
0416 6 6
0010 14 19
0441 3 4
0411 23 29
0288 2 12
0224 23 2
0175 5 6
0360 20 10
0238 3 1
0336 5 4
0315 3 16
0239 17 3
0316 20 16
0262 6 5
0060 15 14
0064 12 2
0063 7 11
0127 3 4
0268 22 27
0036 14 16
0090 12 12
0092 13 10
0256 4 4
0060 17 26
0044 21 21
0068 5 4
0221 6 7
0074 3 4
0388 8 12
0423 13 17
0198 12 4
0086 15 21
0139 11 14
0387 4 2
0438 16 17
0346 22 29
0025 13 4
0114 25 26
0397 11 9
0348 2 7
0103 20 9
0205 5 1
0159 13 8
0116 5 6
0281 17 12
0075 6 10
0157 13 10
0321 16 16
0155 20 27
0319 4 5
0322 4 23
0375 6 5
0197 11 13
0400 10 9
0022 10 10
0072 22 23
0177 12 11
0380 7 5
0127 24 2
0374 8 13
0255 25 24
0357 15 16
0376 8 16
0380 24 24
0089 20 20
0068 10 4
0042 22 28
0134 13 17
0435 19 22
0386 5 7
0443 6 7
0044 4 12
0171 5 9
0058 18 17
0163 13 12
0413 24 24
0346 7 5
0109 19 23
0329 6 7
0073 8 9
0143 9 9
0269 7 7
0212 2 2
0062 11 13
0141 11 2
0424 3 4
0415 3 3
0260 7 5
0070 10 10
0050 10 15
0139 13 18
0013 20 18
0311 6 4
0188 1 10
0270 17 18
0102 8 5
0060 24 24
0230 11 9
0413 5 24
0048 21 27
0406 12 16
0059 9 17
0349 15 9
0361 14 17
0393 2 2
0349 9 5
0198 7 11
0224 4 5
0152 9 13
0052 15 6
0279 16 29
0103 1 3
0346 17 5
0110 4 3
0088 8 19
0413 16 7
0003 2 2
0276 4 4
0443 11 5
0023 14 14
0436 11 15
0013 15 21
0237 22 25
0033 9 9
0370 5 5
0351 3 3
0146 2 3
0367 8 8
0241 17 18
0107 13 4
0024 2 4
0296 15 1
0279 22 28
0231 16 20
0006 20 2
0443 12 2
0084 20 18
0419 4 4
0071 9 20
0083 17 26
0265 22 3
0082 1 1
0043 6 8
0230 24 24
0126 5 4
0340 21 25
0408 8 7
0069 22 23
0328 12 21
0395 20 16
0236 14 13
0402 6 24
0174 10 8
0300 7 10
0229 12 15
0421 23 30
0294 8 11
0237 2 2
0168 2 7
0020 3 11
0250 9 10
0104 13 14
0417 19 30
0215 23 25
0308 5 5
0047 13 13
0316 3 3
0210 12 9
0137 9 18
0274 10 10
0322 9 10
0250 10 8
0010 7 10
0435 24 27
0032 4 15
0363 15 14
0242 18 14
0127 22 17
0387 1 2
0128 20 26
0326 19 14
0391 8 15
0100 4 2
0418 23 26
0430 6 14
0437 10 11
0060 25 24
0381 9 10
0443 3 4
0245 24 22
0395 30 25
0209 5 15
0094 7 7
0421 21 11
0379 6 8
0044 7 7
0055 4 21
0028 7 8
0039 1 1
0167 4 8
0318 20 18
0324 6 9
0393 17 20
0232 9 9
0167 2 4
0374 13 8
0306 12 14
0233 19 9
0366 14 15
0131 22 4
0278 19 24
0095 10 9
0032 6 8
0189 12 17
0399 7 11
0044 18 12
0350 23 28
0002 1 1
0411 18 5
0331 22 25
0433 5 4
0106 3 4
0372 2 2
0304 21 25
0083 10 6
0373 5 2
0066 13 10
0141 18 19
0093 21 20
0252 10 16
0193 20 12
0343 7 9
0233 28 29
0299 10 8
0390 20 21
0196 12 17
0166 8 12
0229 7 13
0375 13 13
0269 10 4
0275 21 6
0439 14 14
0089 2 3
0441 27 16
0331 5 4
0411 2 2
0174 20 24
0206 3 4
0229 6 2
0350 20 12
0387 28 27
0023 11 11
0196 1 17
0417 6 22
0215 4 2
0237 10 2
0272 9 8
0124 2 2
0277 19 21
0119 19 22
0282 6 6
0205 14 14
0091 15 16
0215 7 2
0369 19 22
0111 13 15
0017 13 10
0153 5 8
0438 18 19
0089 3 4
0436 17 6
0443 7 5
0077 5 5
0121 23 18
0220 20 20
0054 15 16
0334 7 15
0263 3 4
0176 21 28
0109 14 7
0080 3 4
0240 28 23
0353 13 6
0222 17 12
0154 17 18
0240 5 7
0427 12 16
0267 4 5
0073 10 11
0257 5 7
0071 11 20
0162 22 24
0043 3 4
0074 13 14
0385 9 10
0209 8 11
0446 10 16
0071 13 17
0050 17 2
0412 16 26
0260 25 22
0246 13 14
0423 11 14
0096 8 9
0020 5 4
0168 13 7
0322 27 6
0261 10 11
0059 14 17
0086 7 2
0359 13 6
0039 15 16
0232 12 3
0307 7 10
0055 5 1
0171 18 23
0303 5 1
0352 8 6
0442 3 3
0090 15 22
0317 15 14
0229 9 2
0011 1 1
0337 11 7
0224 10 5
0096 1 1
0100 23 2
0169 4 9
0410 23 21
0400 20 23
0283 11 11
0107 10 10
0176 3 5
0186 12 15
0225 11 11
0384 10 10
0123 23 23
0331 9 8
0113 6 2
0244 6 6
0317 5 8
0200 10 8
0304 10 25
0358 17 20
0123 20 17
0131 24 19
0314 14 3
0292 9 11
0215 2 2
0232 1 12
0103 23 26
0223 5 9
0340 1 4
0074 12 13
0009 3 4
0064 15 4
0365 7 9
0400 29 7
0202 24 24
0280 9 4
0168 21 7
0422 15 14
0411 15 20
0250 7 8
0242 14 16
0253 6 3
0334 18 15
0425 15 18
0017 23 23
0083 20 21
0425 24 18
0311 13 16
0227 8 5
0417 24 22
0057 18 27
0050 2 2
0049 13 18
0312 10 2
0093 23 2
0288 9 12
0179 9 4
0413 8 24
0087 2 17
0409 13 9
0313 9 18
0279 23 22
0051 11 7
0316 14 10
0131 16 1
0010 11 4
0172 7 14
0065 2 3
0267 14 15
0117 21 22
0060 20 9
0429 17 25
0060 2 14
0339 16 10
0400 26 18
0047 9 6
0360 9 10
0376 11 3
0192 11 12
0443 4 5
0347 9 6
0019 12 13
0404 14 17
0231 21 20
0230 9 6
0392 14 16
0400 21 18
0266 20 24
0230 3 6
0089 25 12
0064 4 7
0034 23 27
0397 4 3
0385 6 4
0255 14 1
0336 12 6
0144 17 1
0392 8 9
0072 29 27
0276 11 11
0255 11 1
0191 5 5
0301 8 23
0058 3 11
0131 10 7
0058 10 9
0260 20 8
0198 15 10
0241 12 12
0200 4 12
0185 3 4
0104 8 5
0095 14 13
0240 25 10
0031 20 24
0245 18 18
0431 4 2
0313 18 14
0170 8 8
0120 5 8
0112 18 1
0313 19 20
0444 25 2
0290 30 26
0327 18 28
0227 7 7
0157 9 18
0118 4 3
0388 21 28
0182 13 15
0026 3 5
0011 2 2
0166 25 27
0329 8 10
0326 11 8
0131 20 7
0431 5 5
0214 9 12
0271 5 9
0087 13 4
0031 6 5
0337 6 10
0281 8 12
0140 5 5
0387 5 5
0147 2 9
0140 9 3
0336 15 15
0354 9 6
0301 14 23
0325 17 27
0373 8 10
0179 7 6
0048 6 7
0275 27 8
0267 20 26
0383 11 15
0027 15 16
0445 17 15
0147 10 5
0285 17 19
0068 15 9
0119 26 28
0193 22 29
0418 6 26
0172 5 12
0171 10 16
0293 8 7
0042 8 13
0060 27 17
0039 3 3
0334 21 2
0443 16 16
0129 18 19
0411 24 6
0020 18 24
0051 12 8
0340 3 6
0370 11 11
0431 13 2
0038 3 4
0137 19 6
0108 19 22
0373 2 2
0042 6 4
0067 2 2
0089 4 1
0127 14 4
0316 11 10
0244 8 8
0103 7 3
0097 9 9
0040 24 24
0293 22 22
0080 19 24
0331 19 27
0194 9 9
0369 15 8
0155 4 6
0029 24 23
0178 3 4
0084 27 24
0031 10 10
0279 21 21
0395 2 3
0346 16 2
0415 13 3
0415 8 16
0162 6 4
0138 7 10
0084 10 18
0359 19 4
0189 18 20
0050 20 13
0382 10 14
0010 9 12
0384 7 8
0438 13 17
0057 21 27
0276 19 23
0228 18 22
0402 21 26
0436 22 26
0079 1 1
0171 8 9
0021 3 4
0269 20 20
0204 8 18
0104 3 3
0287 27 21
0310 16 15
0360 10 8
0415 4 16
0292 13 15
0234 6 1
0169 22 24
0050 22 20
0144 2 1
0341 9 6
0302 12 15
0082 2 2
0098 15 16
0445 26 25
0068 25 18
0354 18 14
0033 21 19
0414 12 14
0141 3 4
0374 11 13
0425 6 10
0347 11 8
0075 17 16
0153 22 17
0166 19 20
0269 4 4
0042 11 4
0197 9 14
0402 1 24
0202 17 18
0315 6 3
0017 14 13
0041 14 12
0142 19 23
0155 17 9
0391 20 19
0078 8 5
0381 6 11
0237 6 2
0136 4 13
0432 10 12
0132 11 5
0263 13 25
0144 27 26
0094 25 24
0082 8 2
0148 18 6
0226 8 6
0100 30 29
0158 8 9
0285 14 12
0353 9 6
0190 15 20
0015 4 4
0131 7 7
0322 2 2
0087 6 10
0427 16 16
0029 4 15
0287 3 9
0298 10 8
0320 3 3
0219 2 5
0221 13 21
0421 7 2
0020 14 16
0100 2 17
0035 17 19
0058 13 9
0417 27 30
0424 8 15
0212 13 12
0012 22 18
0255 1 1
0185 9 9
0188 11 17
0259 18 3
0137 20 9
0430 11 14
0101 9 9
0126 2 4
0279 15 27
0153 7 4
0208 9 4
0285 12 19
0001 1 1
0359 7 15
0016 2 2
0002 2 2
0084 12 9
0390 16 21
0031 15 10
0412 14 11
0426 3 3
0006 7 4
0118 7 3
0274 8 8
0339 24 23
0418 15 12
0360 22 16
0242 12 11
0441 16 4
0429 8 3
